trip_id,stop_id,trip_date,arrival_delay,route_id,sch_arrival_time,sch_departure_time,stop_sequence,stop_name,stop_lat,stop_lon,arrival_time,departure_delay,departure_time
13276154,55,11-28-2022,-172,6612,1669653900,1669653900,23,Eastbound W 16 Ave @ Carnarvon St,49.257583,-123.17185,1669653728,-172,1669653728
13276219,106,11-28-2022,-138,6612,1669684937,1669684937,12,Westbound Cornwall Ave @ Trafalgar St,49.272799,-123.164636,1669684799,-138,1669684799
13276215,55,12-05-2022,-179,6612,1670286660,1670286660,23,Eastbound W 16 Ave @ Carnarvon St,49.257583,-123.17185,1670286481,-179,1670286481
13276171,112,12-06-2022,-133,6612,1670348311,1670348311,18,Southbound Macdonald St @ W 13 Ave,49.260226,-123.168421,1670348178,-133,1670348178
13276215,55,11-23-2022,-139,6612,1669249860,1669249860,23,Eastbound W 16 Ave @ Carnarvon St,49.257583,-123.17185,1669249721,-139,1669249721
13276219,107,11-28-2022,-174,6612,1669685033,1669685033,13,Southbound Macdonald St @ W 1st Ave,49.270753,-123.168323,1669684859,-174,1669684859
13276215,55,11-24-2022,-195,6612,1669336260,1669336260,23,Eastbound W 16 Ave @ Carnarvon St,49.257583,-123.17185,1669336065,-195,1669336065
13276171,112,11-28-2022,-137,6612,1669657111,1669657111,18,Southbound Macdonald St @ W 13 Ave,49.260226,-123.168421,1669656974,-137,1669656974
13276170,116,11-30-2022,-140,6612,1669847411,1669847411,21,Westbound W 16 Ave @ Balaclava St,49.257904,-123.17458,1669847271,-140,1669847271
13276170,116,11-30-2022,-140,6612,1669847411,1669847411,21,Westbound W 16 Ave @ Balaclava St,49.257904,-123.17458,1669847271,-140,1669847271
13276215,55,11-29-2022,-117,6612,1669768260,1669768260,23,Eastbound W 16 Ave @ Carnarvon St,49.257583,-123.17185,1669768143,-117,1669768143
13276215,55,11-28-2022,-147,6612,1669681860,1669681860,23,Eastbound W 16 Ave @ Carnarvon St,49.257583,-123.17185,1669681713,-147,1669681713
13276154,55,11-23-2022,-150,6612,1669221900,1669221900,23,Eastbound W 16 Ave @ Carnarvon St,49.257583,-123.17185,1669221750,-150,1669221750
13276171,112,11-24-2022,-187,6612,1669311511,1669311511,18,Southbound Macdonald St @ W 13 Ave,49.260226,-123.168421,1669311324,-187,1669311324
13276170,116,12-02-2022,-310,6612,1670020211,1670020211,21,Westbound W 16 Ave @ Balaclava St,49.257904,-123.17458,1670019901,-310,1670019901
13276171,112,12-07-2022,-151,6612,1670434711,1670434711,18,Southbound Macdonald St @ W 13 Ave,49.260226,-123.168421,1670434560,-151,1670434560
13276219,107,11-30-2022,-119,6612,1669857833,1669857833,13,Southbound Macdonald St @ W 1st Ave,49.270753,-123.168323,1669857714,-119,1669857714
13276154,55,11-24-2022,-137,6612,1669308300,1669308300,23,Eastbound W 16 Ave @ Carnarvon St,49.257583,-123.17185,1669308163,-137,1669308163
13276234,101,12-07-2022,-270,6612,1670468665,1670468665,8,Westbound Cornwall Ave @ Cypress St,49.272539,-123.148302,1670468395,-270,1670468395
13276171,112,11-29-2022,-117,6612,1669743511,1669743511,18,Southbound Macdonald St @ W 13 Ave,49.260226,-123.168421,1669743394,-117,1669743394
13276154,55,11-25-2022,-127,6612,1669394700,1669394700,23,Eastbound W 16 Ave @ Carnarvon St,49.257583,-123.17185,1669394573,-127,1669394573
13276215,55,12-06-2022,-166,6612,1670373060,1670373060,23,Eastbound W 16 Ave @ Carnarvon St,49.257583,-123.17185,1670372894,-166,1670372894
13276234,101,11-22-2022,-196,6612,1669172665,1669172665,8,Westbound Cornwall Ave @ Cypress St,49.272539,-123.148302,1669172469,-196,1669172469
13276154,55,11-29-2022,-123,6612,1669740300,1669740300,23,Eastbound W 16 Ave @ Carnarvon St,49.257583,-123.17185,1669740177,-123,1669740177
13276170,116,11-24-2022,-150,6612,1669329011,1669329011,21,Westbound W 16 Ave @ Balaclava St,49.257904,-123.17458,1669328861,-150,1669328861
13276171,112,12-02-2022,-146,6612,1670002711,1670002711,18,Southbound Macdonald St @ W 13 Ave,49.260226,-123.168421,1670002565,-146,1670002565
13276171,112,12-05-2022,-114,6612,1670261911,1670261911,18,Southbound Macdonald St @ W 13 Ave,49.260226,-123.168421,1670261797,-114,1670261797
13276154,55,12-02-2022,-115,6612,1669999500,1669999500,23,Eastbound W 16 Ave @ Carnarvon St,49.257583,-123.17185,1669999385,-115,1669999385
13276203,110,11-23-2022,-122,6612,1669233111,1669233111,16,Southbound Macdonald St @ W Broadway,49.264268,-123.168373,1669232989,-122,1669232989
13276138,130,12-07-2022,-124,6612,1670484929,1670484929,26,Southbound Mackenzie St @ W 37 Ave,49.238254,-123.170377,1670484805,-124,1670484805
13276153,109,12-02-2022,-116,6612,1669999983,1669999983,15,Southbound Macdonald St @ W 6th Ave,49.266274,-123.168483,1669999867,-116,1669999867
13276203,110,11-28-2022,-149,6612,1669665111,1669665111,16,Southbound Macdonald St @ W Broadway,49.264268,-123.168373,1669664962,-149,1669664962
13339278,123,11-27-2022,-152,6612,1669541072,1669541072,22,Westbound W King Edward Ave @ Puget Dr,49.249627,-123.170432,1669540920,-152,1669540920
13276235,55,11-23-2022,-149,6612,1669262160,1669262160,23,Eastbound W 16 Ave @ Carnarvon St,49.257583,-123.17185,1669262011,-149,1669262011
13276235,55,12-01-2022,-127,6612,1669953360,1669953360,23,Eastbound W 16 Ave @ Carnarvon St,49.257583,-123.17185,1669953233,-127,1669953233
13276234,116,11-23-2022,-146,6612,1669259831,1669259831,21,Westbound W 16 Ave @ Balaclava St,49.257904,-123.17458,1669259685,-146,1669259685
13276244,299,12-01-2022,-116,6612,1669964894,1669964894,29,Westbound W 41 Ave @ Blenheim St,49.234831,-123.179103,1669964778,-116,1669964778
13276655,12671,11-28-2022,-134,6612,1669626515,1669626515,28,Westbound W 41 Ave @ Carnarvon St,49.234826,-123.174148,1669626381,-134,1669626381
13339278,123,12-04-2022,-485,6612,1670145872,1670145872,22,Westbound W King Edward Ave @ Puget Dr,49.249627,-123.170432,1670145387,-485,1670145387
13339278,123,12-04-2022,-485,6612,1670145872,1670145872,22,Westbound W King Edward Ave @ Puget Dr,49.249627,-123.170432,1670145387,-485,1670145387
13276235,55,11-22-2022,-3869,6612,1669175760,1669175760,23,Eastbound W 16 Ave @ Carnarvon St,49.257583,-123.17185,1669171891,-3869,1669171891
13276234,116,11-22-2022,-356,6612,1669173431,1669173431,21,Westbound W 16 Ave @ Balaclava St,49.257904,-123.17458,1669173075,-356,1669173075
13276244,299,12-07-2022,-165,6612,1670483294,1670483294,29,Westbound W 41 Ave @ Blenheim St,49.234831,-123.179103,1670483129,-165,1670483129
13276138,130,11-22-2022,-119,6612,1669188929,1669188929,26,Southbound Mackenzie St @ W 37 Ave,49.238254,-123.170377,1669188810,-119,1669188810
13276138,130,11-23-2022,-111,6612,1669275329,1669275329,26,Southbound Mackenzie St @ W 37 Ave,49.238254,-123.170377,1669275218,-111,1669275218
13276234,116,12-07-2022,-420,6612,1670469431,1670469431,21,Westbound W 16 Ave @ Balaclava St,49.257904,-123.17458,1670469011,-420,1670469011
13276235,55,11-28-2022,-129,6612,1669694160,1669694160,23,Eastbound W 16 Ave @ Carnarvon St,49.257583,-123.17185,1669694031,-129,1669694031
13276234,116,11-30-2022,-118,6612,1669864631,1669864631,21,Westbound W 16 Ave @ Balaclava St,49.257904,-123.17458,1669864513,-118,1669864513
13339259,123,11-26-2022,-122,6612,1669504296,1669504296,22,Westbound W King Edward Ave @ Puget Dr,49.249627,-123.170432,1669504174,-122,1669504174
13276418,126,12-04-2022,-158,6612,1670147777,1670147777,24,Southbound Mackenzie St @ W 29 Ave,49.245848,-123.170308,1670147619,-158,1670147619
13276234,116,12-01-2022,-127,6612,1669951031,1669951031,21,Westbound W 16 Ave @ Balaclava St,49.257904,-123.17458,1669950904,-127,1669950904
13276229,111,11-29-2022,-136,6612,1669776266,1669776266,17,Southbound Macdonald St @ W 11 Ave,49.261885,-123.16835,1669776130,-136,1669776130
13276184,114,12-02-2022,-118,6612,1670021919,1670021919,19,Westbound W 16 Ave @ Macdonald St,49.257816,-123.168896,1670021801,-118,1670021801
13276165,299,11-30-2022,-162,6612,1669864500,1669864500,29,Westbound W 41 Ave @ Blenheim St,49.234831,-123.179103,1669864338,-162,1669864338
13276176,299,11-23-2022,-145,6612,1669248414,1669248414,29,Westbound W 41 Ave @ Blenheim St,49.234831,-123.179103,1669248269,-145,1669248269
13276148,109,11-25-2022,-121,6612,1669422946,1669422946,15,Southbound Macdonald St @ W 6th Ave,49.266274,-123.168483,1669422825,-121,1669422825
13339274,299,12-03-2022,-131,6612,1670127413,1670127413,29,Westbound W 41 Ave @ Blenheim St,49.234831,-123.179103,1670127282,-131,1670127282
13276657,296,12-05-2022,-133,6612,1670227500,1670227500,27,Westbound W 41 Ave @ Mackenzie St,49.234819,-123.170795,1670227367,-133,1670227367
13276125,300,12-07-2022,-117,6612,1670427231,1670427231,30,Westbound W 41 Ave @ Collingwood St,49.234836,-123.182546,1670427114,-117,1670427114
13276125,300,11-23-2022,-130,6612,1669217632,1669217632,30,Westbound W 41 Ave @ Collingwood St,49.234836,-123.182546,1669217502,-130,1669217502
13276125,300,11-24-2022,-118,6612,1669304032,1669304032,30,Westbound W 41 Ave @ Collingwood St,49.234836,-123.182546,1669303914,-118,1669303914
13276205,299,11-23-2022,-119,6612,1669235634,1669235634,29,Westbound W 41 Ave @ Blenheim St,49.234831,-123.179103,1669235515,-119,1669235515
13276176,299,11-30-2022,-140,6612,1669853213,1669853213,29,Westbound W 41 Ave @ Blenheim St,49.234831,-123.179103,1669853073,-140,1669853073
13276176,299,12-07-2022,-146,6612,1670458013,1670458013,29,Westbound W 41 Ave @ Blenheim St,49.234831,-123.179103,1670457867,-146,1670457867
13276382,124,12-04-2022,-135,6612,1670147105,1670147105,23,Southbound Quesnel Dr @ W King Edward Ave,49.249603,-123.171914,1670146970,-135,1670146970
13276373,646,12-03-2022,-113,6612,1670138580,1670138580,31,Dunbar Loop @ Bay 2,49.234593,-123.18575,1670138467,-113,1670138467
13276205,299,11-30-2022,-170,6612,1669840433,1669840433,29,Westbound W 41 Ave @ Blenheim St,49.234831,-123.179103,1669840263,-170,1669840263
13276148,109,11-30-2022,-420,6612,1669854946,1669854946,15,Southbound Macdonald St @ W 6th Ave,49.266274,-123.168483,1669854526,-420,1669854526
13276229,111,11-30-2022,-125,6612,1669862666,1669862666,17,Southbound Macdonald St @ W 11 Ave,49.261885,-123.16835,1669862541,-125,1669862541
13276176,299,11-25-2022,-143,6612,1669421213,1669421213,29,Westbound W 41 Ave @ Blenheim St,49.234831,-123.179103,1669421070,-143,1669421070
13276205,299,11-24-2022,-125,6612,1669322034,1669322034,29,Westbound W 41 Ave @ Blenheim St,49.234831,-123.179103,1669321909,-125,1669321909
13276205,299,12-05-2022,-126,6612,1670272433,1670272433,29,Westbound W 41 Ave @ Blenheim St,49.234831,-123.179103,1670272307,-126,1670272307
13276205,299,12-06-2022,-120,6612,1670358833,1670358833,29,Westbound W 41 Ave @ Blenheim St,49.234831,-123.179103,1670358713,-120,1670358713
13339274,299,11-26-2022,-126,6612,1669522613,1669522613,29,Westbound W 41 Ave @ Blenheim St,49.234831,-123.179103,1669522487,-126,1669522487
13276205,299,11-28-2022,-114,6612,1669667633,1669667633,29,Westbound W 41 Ave @ Blenheim St,49.234831,-123.179103,1669667519,-114,1669667519
13276166,124,12-01-2022,-133,6612,1669947851,1669947851,23,Southbound Quesnel Dr @ W King Edward Ave,49.249603,-123.171914,1669947718,-133,1669947718
13276166,124,11-22-2022,-114,6612,1669170251,1669170251,23,Southbound Quesnel Dr @ W King Edward Ave,49.249603,-123.171914,1669170137,-114,1669170137
13276176,299,12-02-2022,-153,6612,1670026013,1670026013,29,Westbound W 41 Ave @ Blenheim St,49.234831,-123.179103,1670025860,-153,1670025860
13276176,299,11-29-2022,-126,6612,1669766813,1669766813,29,Westbound W 41 Ave @ Blenheim St,49.234831,-123.179103,1669766687,-126,1669766687
13276125,300,11-29-2022,-234,6612,1669736031,1669736031,30,Westbound W 41 Ave @ Collingwood St,49.234836,-123.182546,1669735797,-234,1669735797
13276184,114,12-06-2022,-119,6612,1670367519,1670367519,19,Westbound W 16 Ave @ Macdonald St,49.257816,-123.168896,1670367400,-119,1670367400
13276176,299,12-08-2022,-142,6612,1670544413,1670544413,29,Westbound W 41 Ave @ Blenheim St,49.234831,-123.179103,1670544271,-142,1670544271
13276125,300,12-05-2022,-127,6612,1670254431,1670254431,30,Westbound W 41 Ave @ Collingwood St,49.234836,-123.182546,1670254304,-127,1670254304
13276224,299,11-30-2022,-114,6612,1669851834,1669851834,29,Westbound W 41 Ave @ Blenheim St,49.234831,-123.179103,1669851720,-114,1669851720
13276229,54,11-23-2022,-124,6612,1669258126,1669258126,22,Eastbound W 16 Ave @ Trutch St,49.257636,-123.175459,1669258002,-124,1669258002
13276168,12671,11-30-2022,-129,6612,1669866599,1669866599,28,Westbound W 41 Ave @ Carnarvon St,49.234826,-123.174148,1669866470,-129,1669866470
13276119,115,12-05-2022,-120,6612,1670259729,1670259729,20,Westbound W 16 Ave @ Mackenzie St,49.257839,-123.170777,1670259609,-120,1670259609
13276224,299,12-02-2022,-123,6612,1670024634,1670024634,29,Westbound W 41 Ave @ Blenheim St,49.234831,-123.179103,1670024511,-123,1670024511
13276168,12671,11-24-2022,-113,6612,1669348199,1669348199,28,Westbound W 41 Ave @ Carnarvon St,49.234826,-123.174148,1669348086,-113,1669348086
13276648,128,12-04-2022,-125,6612,1670184769,1670184769,25,Southbound Mackenzie St @ W 33 Ave,49.241997,-123.170345,1670184644,-125,1670184644
13276229,54,11-25-2022,-117,6612,1669430926,1669430926,22,Eastbound W 16 Ave @ Trutch St,49.257636,-123.175459,1669430809,-117,1669430809
13276119,115,11-23-2022,-116,6612,1669222929,1669222929,20,Westbound W 16 Ave @ Mackenzie St,49.257839,-123.170777,1669222813,-116,1669222813
13276168,12671,11-25-2022,-144,6612,1669434599,1669434599,28,Westbound W 41 Ave @ Carnarvon St,49.234826,-123.174148,1669434455,-144,1669434455
13276119,115,12-07-2022,-127,6612,1670432529,1670432529,20,Westbound W 16 Ave @ Mackenzie St,49.257839,-123.170777,1670432402,-127,1670432402
13276168,12671,11-22-2022,-119,6612,1669175399,1669175399,28,Westbound W 41 Ave @ Carnarvon St,49.234826,-123.174148,1669175280,-119,1669175280
13276229,54,12-02-2022,-121,6612,1670035726,1670035726,22,Eastbound W 16 Ave @ Trutch St,49.257636,-123.175459,1670035605,-121,1670035605
13276194,1379,12-02-2022,-141,6612,1670024365,1670024365,14,Southbound Macdonald St @ W 4th Ave,49.268064,-123.168411,1670024224,-141,1670024224
13276115,126,11-23-2022,-133,6612,1669244141,1669244141,24,Southbound Mackenzie St @ W 29 Ave,49.245848,-123.170308,1669244008,-133,1669244008
13276230,119,11-22-2022,-3118,6612,1669178963,1669178963,20,Southbound Macdonald St @ W 21 Ave,49.253375,-123.16787,1669175845,-3118,1669175845
13276230,119,11-22-2022,-3118,6612,1669178963,1669178963,20,Southbound Macdonald St @ W 21 Ave,49.253375,-123.16787,1669175845,-3118,1669175845
13276225,1379,11-30-2022,-191,6612,1669850540,1669850540,14,Southbound Macdonald St @ W 4th Ave,49.268064,-123.168411,1669850349,-191,1669850349
13276119,115,11-28-2022,-167,6612,1669654929,1669654929,20,Westbound W 16 Ave @ Mackenzie St,49.257839,-123.170777,1669654762,-167,1669654762
13276168,12671,12-06-2022,-167,6612,1670384999,1670384999,28,Westbound W 41 Ave @ Carnarvon St,49.234826,-123.174148,1670384832,-167,1670384832
13276229,54,11-28-2022,-122,6612,1669690126,1669690126,22,Eastbound W 16 Ave @ Trutch St,49.257636,-123.175459,1669690004,-122,1669690004
13276229,54,11-28-2022,-122,6612,1669690126,1669690126,22,Eastbound W 16 Ave @ Trutch St,49.257636,-123.175459,1669690004,-122,1669690004
13276229,54,11-28-2022,-122,6612,1669690126,1669690126,22,Eastbound W 16 Ave @ Trutch St,49.257636,-123.175459,1669690004,-122,1669690004
13276229,54,11-29-2022,-145,6612,1669776526,1669776526,22,Eastbound W 16 Ave @ Trutch St,49.257636,-123.175459,1669776381,-145,1669776381
13276229,54,11-30-2022,-123,6612,1669862926,1669862926,22,Eastbound W 16 Ave @ Trutch St,49.257636,-123.175459,1669862803,-123,1669862803
13276229,54,11-30-2022,-123,6612,1669862926,1669862926,22,Eastbound W 16 Ave @ Trutch St,49.257636,-123.175459,1669862803,-123,1669862803
13276229,54,11-30-2022,-123,6612,1669862926,1669862926,22,Eastbound W 16 Ave @ Trutch St,49.257636,-123.175459,1669862803,-123,1669862803
13276235,111,11-22-2022,-3843,6612,1669175472,1669175472,17,Southbound Macdonald St @ W 11 Ave,49.261885,-123.16835,1669171629,-3843,1669171629
13276225,1379,11-23-2022,-161,6612,1669245740,1669245740,14,Southbound Macdonald St @ W 4th Ave,49.268064,-123.168411,1669245579,-161,1669245579
13276224,299,11-25-2022,-122,6612,1669419834,1669419834,29,Westbound W 41 Ave @ Blenheim St,49.234831,-123.179103,1669419712,-122,1669419712
13276235,111,11-28-2022,-141,6612,1669693872,1669693872,17,Southbound Macdonald St @ W 11 Ave,49.261885,-123.16835,1669693731,-141,1669693731
13276139,119,11-28-2022,-892,6612,1669708043,1669708043,20,Southbound Macdonald St @ W 21 Ave,49.253375,-123.16787,1669707151,-892,1669707151
13276139,119,11-28-2022,-892,6612,1669708043,1669708043,20,Southbound Macdonald St @ W 21 Ave,49.253375,-123.16787,1669707151,-892,1669707151
13276139,119,11-28-2022,-892,6612,1669708043,1669708043,20,Southbound Macdonald St @ W 21 Ave,49.253375,-123.16787,1669707151,-892,1669707151
13276119,115,12-02-2022,-240,6612,1670000529,1670000529,20,Westbound W 16 Ave @ Mackenzie St,49.257839,-123.170777,1670000289,-240,1670000289
13276235,111,11-23-2022,-158,6612,1669261872,1669261872,17,Southbound Macdonald St @ W 11 Ave,49.261885,-123.16835,1669261714,-158,1669261714
13276224,299,11-24-2022,-127,6612,1669333434,1669333434,29,Westbound W 41 Ave @ Blenheim St,49.234831,-123.179103,1669333307,-127,1669333307
13276168,12671,11-28-2022,-156,6612,1669693799,1669693799,28,Westbound W 41 Ave @ Carnarvon St,49.234826,-123.174148,1669693643,-156,1669693643
13276116,115,12-07-2022,-152,6612,1670428874,1670428874,20,Westbound W 16 Ave @ Mackenzie St,49.257839,-123.170777,1670428722,-152,1670428722
13276135,1379,12-05-2022,-153,6612,1670284741,1670284741,14,Southbound Macdonald St @ W 4th Ave,49.268064,-123.168411,1670284588,-153,1670284588
13276205,296,11-24-2022,-169,6612,1669321916,1669321916,27,Westbound W 41 Ave @ Mackenzie St,49.234819,-123.170795,1669321747,-169,1669321747
13276227,113,11-29-2022,-125,6612,1669709053,1669709053,19,Southbound Macdonald St @ W 16 Ave,49.257315,-123.168496,1669708928,-125,1669708928
13276182,130,12-06-2022,-146,6612,1670368407,1670368407,26,Southbound Mackenzie St @ W 37 Ave,49.238254,-123.170377,1670368261,-146,1670368261
13276184,54,12-07-2022,-175,6612,1670454051,1670454051,22,Eastbound W 16 Ave @ Trutch St,49.257636,-123.175459,1670453876,-175,1670453876
13276184,54,12-07-2022,-175,6612,1670454051,1670454051,22,Eastbound W 16 Ave @ Trutch St,49.257636,-123.175459,1670453876,-175,1670453876
13276217,110,11-30-2022,-175,6612,1669855716,1669855716,16,Southbound Macdonald St @ W Broadway,49.264268,-123.168373,1669855541,-175,1669855541
13276217,110,11-30-2022,-175,6612,1669855716,1669855716,16,Southbound Macdonald St @ W Broadway,49.264268,-123.168373,1669855541,-175,1669855541
13276135,1379,11-25-2022,-127,6612,1669420741,1669420741,14,Southbound Macdonald St @ W 4th Ave,49.268064,-123.168411,1669420614,-127,1669420614
13276116,115,11-25-2022,-144,6612,1669392074,1669392074,20,Westbound W 16 Ave @ Mackenzie St,49.257839,-123.170777,1669391930,-144,1669391930
13276129,299,12-08-2022,-172,6612,1670516883,1670516883,29,Westbound W 41 Ave @ Blenheim St,49.234831,-123.179103,1670516711,-172,1670516711
13276184,54,12-06-2022,-158,6612,1670367651,1670367651,22,Eastbound W 16 Ave @ Trutch St,49.257636,-123.175459,1670367493,-158,1670367493
13276116,115,12-05-2022,-114,6612,1670256074,1670256074,20,Westbound W 16 Ave @ Mackenzie St,49.257839,-123.170777,1670255960,-114,1670255960
13276205,296,12-06-2022,-296,6612,1670358715,1670358715,27,Westbound W 41 Ave @ Mackenzie St,49.234819,-123.170795,1670358419,-296,1670358419
13276205,296,12-06-2022,-296,6612,1670358715,1670358715,27,Westbound W 41 Ave @ Mackenzie St,49.234819,-123.170795,1670358419,-296,1670358419
13276224,126,12-02-2022,-112,6612,1670024261,1670024261,24,Southbound Mackenzie St @ W 29 Ave,49.245848,-123.170308,1670024149,-112,1670024149
13276205,296,11-30-2022,-124,6612,1669840315,1669840315,27,Westbound W 41 Ave @ Mackenzie St,49.234819,-123.170795,1669840191,-124,1669840191
13276182,130,11-30-2022,-113,6612,1669850007,1669850007,26,Southbound Mackenzie St @ W 37 Ave,49.238254,-123.170377,1669849894,-113,1669849894
13276116,115,11-28-2022,-140,6612,1669651274,1669651274,20,Westbound W 16 Ave @ Mackenzie St,49.257839,-123.170777,1669651134,-140,1669651134
13276205,296,12-05-2022,-119,6612,1670272315,1670272315,27,Westbound W 41 Ave @ Mackenzie St,49.234819,-123.170795,1670272196,-119,1670272196
13276243,128,11-28-2022,-166,6612,1669704564,1669704564,25,Southbound Mackenzie St @ W 33 Ave,49.241997,-123.170345,1669704398,-166,1669704398
13276137,103,11-29-2022,-158,6612,1669760721,1669760721,9,Westbound Cornwall Ave @ Arbutus St,49.272608,-123.152989,1669760563,-158,1669760563
13276135,1379,12-07-2022,-115,6612,1670457541,1670457541,14,Southbound Macdonald St @ W 4th Ave,49.268064,-123.168411,1670457426,-115,1670457426
13276184,54,12-02-2022,-129,6612,1670022051,1670022051,22,Eastbound W 16 Ave @ Trutch St,49.257636,-123.175459,1670021922,-129,1670021922
13276189,296,12-01-2022,-128,6612,1669927915,1669927915,27,Westbound W 41 Ave @ Mackenzie St,49.234819,-123.170795,1669927787,-128,1669927787
13276123,296,11-30-2022,-142,6612,1669820784,1669820784,27,Westbound W 41 Ave @ Mackenzie St,49.234819,-123.170795,1669820642,-142,1669820642
13276585,106,12-04-2022,-112,6612,1670185994,1670185994,12,Westbound Cornwall Ave @ Trafalgar St,49.272799,-123.164636,1670185882,-112,1670185882
13276123,296,11-23-2022,-123,6612,1669215985,1669215985,27,Westbound W 41 Ave @ Mackenzie St,49.234819,-123.170795,1669215862,-123,1669215862
13276123,296,11-28-2022,-142,6612,1669647984,1669647984,27,Westbound W 41 Ave @ Mackenzie St,49.234819,-123.170795,1669647842,-142,1669647842
13276657,646,11-28-2022,-117,6612,1669622880,1669622880,31,Dunbar Loop @ Bay 2,49.234593,-123.18575,1669622763,-117,1669622763
13276633,115,12-05-2022,-114,6612,1670234573,1670234573,20,Westbound W 16 Ave @ Mackenzie St,49.257839,-123.170777,1670234459,-114,1670234459
13276188,128,11-30-2022,-1844,6612,1669827229,1669827229,25,Southbound Mackenzie St @ W 33 Ave,49.241997,-123.170345,1669825385,-1844,1669825385
13276188,128,11-30-2022,-1844,6612,1669827229,1669827229,25,Southbound Mackenzie St @ W 33 Ave,49.241997,-123.170345,1669825385,-1844,1669825385
13276188,128,11-30-2022,-1844,6612,1669827229,1669827229,25,Southbound Mackenzie St @ W 33 Ave,49.241997,-123.170345,1669825385,-1844,1669825385
13276188,128,11-30-2022,-1844,6612,1669827229,1669827229,25,Southbound Mackenzie St @ W 33 Ave,49.241997,-123.170345,1669825385,-1844,1669825385
13276188,128,11-30-2022,-1844,6612,1669827229,1669827229,25,Southbound Mackenzie St @ W 33 Ave,49.241997,-123.170345,1669825385,-1844,1669825385
13276188,128,11-30-2022,-1844,6612,1669827229,1669827229,25,Southbound Mackenzie St @ W 33 Ave,49.241997,-123.170345,1669825385,-1844,1669825385
13276188,128,11-30-2022,-1844,6612,1669827229,1669827229,25,Southbound Mackenzie St @ W 33 Ave,49.241997,-123.170345,1669825385,-1844,1669825385
13276151,124,12-02-2022,-147,6612,1670001496,1670001496,23,Southbound Quesnel Dr @ W King Edward Ave,49.249603,-123.171914,1670001349,-147,1670001349
13276123,296,11-29-2022,-113,6612,1669734384,1669734384,27,Westbound W 41 Ave @ Mackenzie St,49.234819,-123.170795,1669734271,-113,1669734271
13276123,296,12-06-2022,-129,6612,1670339184,1670339184,27,Westbound W 41 Ave @ Mackenzie St,49.234819,-123.170795,1670339055,-129,1670339055
13276123,296,12-07-2022,-122,6612,1670425584,1670425584,27,Westbound W 41 Ave @ Mackenzie St,49.234819,-123.170795,1670425462,-122,1670425462
13276157,130,11-25-2022,-199,6612,1669405681,1669405681,26,Southbound Mackenzie St @ W 37 Ave,49.238254,-123.170377,1669405482,-199,1669405482
13276189,296,12-08-2022,-114,6612,1670532715,1670532715,27,Westbound W 41 Ave @ Mackenzie St,49.234819,-123.170795,1670532601,-114,1670532601
13276197,105,12-05-2022,-189,6612,1670264018,1670264018,11,Westbound Cornwall Ave @ Point Grey Rd,49.272731,-123.160216,1670263829,-189,1670263829
13276172,107,11-28-2022,-161,6612,1669657815,1669657815,13,Southbound Macdonald St @ W 1st Ave,49.270753,-123.168323,1669657654,-161,1669657654
13276123,296,11-24-2022,-151,6612,1669302385,1669302385,27,Westbound W 41 Ave @ Mackenzie St,49.234819,-123.170795,1669302234,-151,1669302234
13276123,296,12-01-2022,-115,6612,1669907184,1669907184,27,Westbound W 41 Ave @ Mackenzie St,49.234819,-123.170795,1669907069,-115,1669907069
13276123,296,11-25-2022,-122,6612,1669388785,1669388785,27,Westbound W 41 Ave @ Mackenzie St,49.234819,-123.170795,1669388663,-122,1669388663
13276657,646,12-05-2022,-178,6612,1670227680,1670227680,31,Dunbar Loop @ Bay 2,49.234593,-123.18575,1670227502,-178,1670227502
13276633,115,11-28-2022,-126,6612,1669629773,1669629773,20,Westbound W 16 Ave @ Mackenzie St,49.257839,-123.170777,1669629647,-126,1669629647
13276585,111,12-04-2022,-138,6612,1670186281,1670186281,17,Southbound Macdonald St @ W 11 Ave,49.261885,-123.16835,1670186143,-138,1670186143
13276659,124,12-05-2022,-113,6612,1670231937,1670231937,23,Southbound Quesnel Dr @ W King Edward Ave,49.249603,-123.171914,1670231824,-113,1670231824
13276170,114,12-02-2022,-276,6612,1670020119,1670020119,19,Westbound W 16 Ave @ Macdonald St,49.257816,-123.168896,1670019843,-276,1670019843
13339278,112,12-04-2022,-403,6612,1670145623,1670145623,18,Southbound Macdonald St @ W 13 Ave,49.260226,-123.168421,1670145220,-403,1670145220
13339278,112,12-04-2022,-403,6612,1670145623,1670145623,18,Southbound Macdonald St @ W 13 Ave,49.260226,-123.168421,1670145220,-403,1670145220
13276675,109,11-27-2022,-171,6612,1669578979,1669578979,15,Southbound Macdonald St @ W 6th Ave,49.266274,-123.168483,1669578808,-171,1669578808
13276170,114,11-24-2022,-112,6612,1669328919,1669328919,19,Westbound W 16 Ave @ Macdonald St,49.257816,-123.168896,1669328807,-112,1669328807
13276217,107,11-30-2022,-210,6612,1669855553,1669855553,13,Southbound Macdonald St @ W 1st Ave,49.270753,-123.168323,1669855343,-210,1669855343
13276217,107,11-30-2022,-210,6612,1669855553,1669855553,13,Southbound Macdonald St @ W 1st Ave,49.270753,-123.168323,1669855343,-210,1669855343
13276128,109,12-02-2022,-115,6612,1669997239,1669997239,15,Southbound Macdonald St @ W 6th Ave,49.266274,-123.168483,1669997124,-115,1669997124
13276128,109,11-25-2022,-119,6612,1669392439,1669392439,15,Southbound Macdonald St @ W 6th Ave,49.266274,-123.168483,1669392320,-119,1669392320
13276161,105,12-06-2022,-1201,6612,1670362507,1670362507,11,Westbound Cornwall Ave @ Point Grey Rd,49.272731,-123.160216,1670361306,-1201,1670361306
13276161,105,12-06-2022,-1201,6612,1670362507,1670362507,11,Westbound Cornwall Ave @ Point Grey Rd,49.272731,-123.160216,1670361306,-1201,1670361306
13276128,109,11-29-2022,-127,6612,1669738039,1669738039,15,Southbound Macdonald St @ W 6th Ave,49.266274,-123.168483,1669737912,-127,1669737912
13276186,106,11-28-2022,-147,6612,1669675012,1669675012,12,Westbound Cornwall Ave @ Trafalgar St,49.272799,-123.164636,1669674865,-147,1669674865
13276139,112,11-28-2022,-867,6612,1669707923,1669707923,18,Southbound Macdonald St @ W 13 Ave,49.260226,-123.168421,1669707056,-867,1669707056
13276139,112,11-28-2022,-867,6612,1669707923,1669707923,18,Southbound Macdonald St @ W 13 Ave,49.260226,-123.168421,1669707056,-867,1669707056
13276139,112,11-28-2022,-867,6612,1669707923,1669707923,18,Southbound Macdonald St @ W 13 Ave,49.260226,-123.168421,1669707056,-867,1669707056
13276202,55,11-28-2022,-311,6612,1669664280,1669664280,23,Eastbound W 16 Ave @ Carnarvon St,49.257583,-123.17185,1669663969,-311,1669663969
13276202,55,11-28-2022,-311,6612,1669664280,1669664280,23,Eastbound W 16 Ave @ Carnarvon St,49.257583,-123.17185,1669663969,-311,1669663969
13276202,55,11-28-2022,-311,6612,1669664280,1669664280,23,Eastbound W 16 Ave @ Carnarvon St,49.257583,-123.17185,1669663969,-311,1669663969
13276202,55,11-28-2022,-311,6612,1669664280,1669664280,23,Eastbound W 16 Ave @ Carnarvon St,49.257583,-123.17185,1669663969,-311,1669663969
13339278,646,12-04-2022,-175,6612,1670146380,1670146380,31,Dunbar Loop @ Bay 2,49.234593,-123.18575,1670146205,-175,1670146205
13339278,130,11-27-2022,-144,6612,1669541309,1669541309,26,Southbound Mackenzie St @ W 37 Ave,49.238254,-123.170377,1669541165,-144,1669541165
13276202,55,12-06-2022,-212,6612,1670355480,1670355480,23,Eastbound W 16 Ave @ Carnarvon St,49.257583,-123.17185,1670355268,-212,1670355268
13339278,646,11-27-2022,-136,6612,1669541580,1669541580,31,Dunbar Loop @ Bay 2,49.234593,-123.18575,1669541444,-136,1669541444
13339278,130,12-04-2022,-169,6612,1670146109,1670146109,26,Southbound Mackenzie St @ W 37 Ave,49.238254,-123.170377,1670145940,-169,1670145940
13276396,106,12-03-2022,-124,6612,1670130541,1670130541,12,Westbound Cornwall Ave @ Trafalgar St,49.272799,-123.164636,1670130417,-124,1670130417
13276202,55,11-24-2022,-142,6612,1669318680,1669318680,23,Eastbound W 16 Ave @ Carnarvon St,49.257583,-123.17185,1669318538,-142,1669318538
13276232,121,11-23-2022,-3376,6612,1669266624,1669266624,21,Southbound Macdonald St @ Alamein Ave,49.249858,-123.167913,1669263248,-3376,1669263248
13276232,121,11-23-2022,-3376,6612,1669266624,1669266624,21,Southbound Macdonald St @ Alamein Ave,49.249858,-123.167913,1669263248,-3376,1669263248
13276202,55,12-08-2022,-117,6612,1670528280,1670528280,23,Eastbound W 16 Ave @ Carnarvon St,49.257583,-123.17185,1670528163,-117,1670528163
13276202,55,12-05-2022,-128,6612,1670269080,1670269080,23,Eastbound W 16 Ave @ Carnarvon St,49.257583,-123.17185,1670268952,-128,1670268952
13276202,55,11-25-2022,-146,6612,1669405080,1669405080,23,Eastbound W 16 Ave @ Carnarvon St,49.257583,-123.17185,1669404934,-146,1669404934
13276412,646,11-26-2022,-182,6612,1669482120,1669482120,31,Dunbar Loop @ Bay 2,49.234593,-123.18575,1669481938,-182,1669481938
13276229,112,11-29-2022,-152,6612,1669776310,1669776310,18,Southbound Macdonald St @ W 13 Ave,49.260226,-123.168421,1669776158,-152,1669776158
13276210,130,11-23-2022,-115,6612,1669239087,1669239087,26,Southbound Mackenzie St @ W 37 Ave,49.238254,-123.170377,1669238972,-115,1669238972
13276143,300,11-29-2022,-270,6612,1669715997,1669715997,30,Westbound W 41 Ave @ Collingwood St,49.234836,-123.182546,1669715727,-270,1669715727
13276229,112,11-30-2022,-139,6612,1669862710,1669862710,18,Southbound Macdonald St @ W 13 Ave,49.260226,-123.168421,1669862571,-139,1669862571
13276174,130,12-05-2022,-156,6612,1670292207,1670292207,26,Southbound Mackenzie St @ W 37 Ave,49.238254,-123.170377,1670292051,-156,1670292051
13276143,300,12-06-2022,-124,6612,1670320797,1670320797,30,Westbound W 41 Ave @ Collingwood St,49.234836,-123.182546,1670320673,-124,1670320673
13276229,112,11-23-2022,-122,6612,1669257910,1669257910,18,Southbound Macdonald St @ W 13 Ave,49.260226,-123.168421,1669257788,-122,1669257788
13276170,111,12-02-2022,-258,6612,1670020010,1670020010,17,Southbound Macdonald St @ W 11 Ave,49.261885,-123.16835,1670019752,-258,1670019752
13276194,109,12-02-2022,-144,6612,1670024404,1670024404,15,Southbound Macdonald St @ W 6th Ave,49.266274,-123.168483,1670024260,-144,1670024260
13276194,130,12-02-2022,-189,6612,1670025147,1670025147,26,Southbound Mackenzie St @ W 37 Ave,49.238254,-123.170377,1670024958,-189,1670024958
13276170,111,11-24-2022,-208,6612,1669328810,1669328810,17,Southbound Macdonald St @ W 11 Ave,49.261885,-123.16835,1669328602,-208,1669328602
13276210,130,12-02-2022,-111,6612,1670016687,1670016687,26,Southbound Mackenzie St @ W 37 Ave,49.238254,-123.170377,1670016576,-111,1670016576
13276194,130,12-06-2022,-147,6612,1670370747,1670370747,26,Southbound Mackenzie St @ W 37 Ave,49.238254,-123.170377,1670370600,-147,1670370600
13276645,128,11-27-2022,-133,6612,1669583569,1669583569,25,Southbound Mackenzie St @ W 33 Ave,49.241997,-123.170345,1669583436,-133,1669583436
13276229,112,11-25-2022,-124,6612,1669430710,1669430710,18,Southbound Macdonald St @ W 13 Ave,49.260226,-123.168421,1669430586,-124,1669430586
13276155,110,12-06-2022,-211,6612,1670344131,1670344131,16,Southbound Macdonald St @ W Broadway,49.264268,-123.168373,1670343920,-211,1670343920
13276185,111,11-30-2022,-140,6612,1669849910,1669849910,17,Southbound Macdonald St @ W 11 Ave,49.261885,-123.16835,1669849770,-140,1669849770
13276227,124,11-29-2022,-150,6612,1669709285,1669709285,23,Southbound Quesnel Dr @ W King Edward Ave,49.249603,-123.171914,1669709135,-150,1669709135
13276217,115,11-30-2022,-210,6612,1669855921,1669855921,20,Westbound W 16 Ave @ Mackenzie St,49.257839,-123.170777,1669855711,-210,1669855711
13276217,115,11-30-2022,-210,6612,1669855921,1669855921,20,Westbound W 16 Ave @ Mackenzie St,49.257839,-123.170777,1669855711,-210,1669855711
13339278,109,12-04-2022,-401,6612,1670145518,1670145518,15,Southbound Macdonald St @ W 6th Ave,49.266274,-123.168483,1670145117,-401,1670145117
13339278,109,12-04-2022,-401,6612,1670145518,1670145518,15,Southbound Macdonald St @ W 6th Ave,49.266274,-123.168483,1670145117,-401,1670145117
13276227,124,12-08-2022,-130,6612,1670486885,1670486885,23,Southbound Quesnel Dr @ W King Edward Ave,49.249603,-123.171914,1670486755,-130,1670486755
13276657,299,11-28-2022,-117,6612,1669622787,1669622787,29,Westbound W 41 Ave @ Blenheim St,49.234831,-123.179103,1669622670,-117,1669622670
13276191,47,11-25-2022,-443,6612,1669439108,1669439108,5,Southbound Burrard St @ Nelson St,49.280981,-123.126516,1669438665,-443,1669438665
13276191,47,11-25-2022,-443,6612,1669439108,1669439108,5,Southbound Burrard St @ Nelson St,49.280981,-123.126516,1669438665,-443,1669438665
13276225,109,11-23-2022,-167,6612,1669245783,1669245783,15,Southbound Macdonald St @ W 6th Ave,49.266274,-123.168483,1669245616,-167,1669245616
13276215,8535,12-06-2022,-229,6612,1670371557,1670371557,2,Burrard Station @ Bay 1,49.285306,-123.119982,1670371328,-229,1670371328
13276657,299,12-05-2022,-165,6612,1670227587,1670227587,29,Westbound W 41 Ave @ Blenheim St,49.234831,-123.179103,1670227422,-165,1670227422
13276381,12671,12-04-2022,-159,6612,1670145616,1670145616,28,Westbound W 41 Ave @ Carnarvon St,49.234826,-123.174148,1670145457,-159,1670145457
13276225,109,11-30-2022,-118,6612,1669850583,1669850583,15,Southbound Macdonald St @ W 6th Ave,49.266274,-123.168483,1669850465,-118,1669850465
13276176,296,12-08-2022,-112,6612,1670544295,1670544295,27,Westbound W 41 Ave @ Mackenzie St,49.234819,-123.170795,1670544183,-112,1670544183
13276199,54,11-23-2022,-124,6612,1669229811,1669229811,22,Eastbound W 16 Ave @ Trutch St,49.257636,-123.175459,1669229687,-124,1669229687
13339362,121,12-04-2022,-117,6612,1670216643,1670216643,21,Southbound Macdonald St @ Alamein Ave,49.249858,-123.167913,1670216526,-117,1670216526
13276176,296,12-07-2022,-165,6612,1670457895,1670457895,27,Westbound W 41 Ave @ Mackenzie St,49.234819,-123.170795,1670457730,-165,1670457730
13276199,54,11-28-2022,-133,6612,1669661811,1669661811,22,Eastbound W 16 Ave @ Trutch St,49.257636,-123.175459,1669661678,-133,1669661678
13276199,54,11-29-2022,-135,6612,1669748211,1669748211,22,Eastbound W 16 Ave @ Trutch St,49.257636,-123.175459,1669748076,-135,1669748076
13276232,111,11-23-2022,-3494,6612,1669266414,1669266414,17,Southbound Macdonald St @ W 11 Ave,49.261885,-123.16835,1669262920,-3494,1669262920
13276131,54,12-07-2022,-126,6612,1670431731,1670431731,22,Eastbound W 16 Ave @ Trutch St,49.257636,-123.175459,1670431605,-126,1670431605
13276176,296,11-23-2022,-177,6612,1669248296,1669248296,27,Westbound W 41 Ave @ Mackenzie St,49.234819,-123.170795,1669248119,-177,1669248119
13276176,296,11-30-2022,-140,6612,1669853095,1669853095,27,Westbound W 41 Ave @ Mackenzie St,49.234819,-123.170795,1669852955,-140,1669852955
13276189,299,12-08-2022,-156,6612,1670532833,1670532833,29,Westbound W 41 Ave @ Blenheim St,49.234831,-123.179103,1670532677,-156,1670532677
13276199,54,12-05-2022,-173,6612,1670266611,1670266611,22,Eastbound W 16 Ave @ Trutch St,49.257636,-123.175459,1670266438,-173,1670266438
13276131,54,12-01-2022,-127,6612,1669913331,1669913331,22,Eastbound W 16 Ave @ Trutch St,49.257636,-123.175459,1669913204,-127,1669913204
13276203,106,11-28-2022,-130,6612,1669664872,1669664872,12,Westbound Cornwall Ave @ Trafalgar St,49.272799,-123.164636,1669664742,-130,1669664742
13276189,299,12-01-2022,-174,6612,1669928033,1669928033,29,Westbound W 41 Ave @ Blenheim St,49.234831,-123.179103,1669927859,-174,1669927859
13276176,296,12-02-2022,-116,6612,1670025895,1670025895,27,Westbound W 41 Ave @ Mackenzie St,49.234819,-123.170795,1670025779,-116,1670025779
13276199,54,12-07-2022,-152,6612,1670439411,1670439411,22,Eastbound W 16 Ave @ Trutch St,49.257636,-123.175459,1670439259,-152,1670439259
13276199,54,11-25-2022,-116,6612,1669402611,1669402611,22,Eastbound W 16 Ave @ Trutch St,49.257636,-123.175459,1669402495,-116,1669402495
13276170,47,12-02-2022,-129,6612,1670019022,1670019022,5,Southbound Burrard St @ Nelson St,49.280981,-123.126516,1670018893,-129,1670018893
13276115,113,11-23-2022,-165,6612,1669243760,1669243760,19,Southbound Macdonald St @ W 16 Ave,49.257315,-123.168496,1669243595,-165,1669243595
13276199,54,11-30-2022,-126,6612,1669834611,1669834611,22,Eastbound W 16 Ave @ Trutch St,49.257636,-123.175459,1669834485,-126,1669834485
13276137,112,11-29-2022,-173,6612,1669761197,1669761197,18,Southbound Macdonald St @ W 13 Ave,49.260226,-123.168421,1669761024,-173,1669761024
13276189,299,11-30-2022,-113,6612,1669841633,1669841633,29,Westbound W 41 Ave @ Blenheim St,49.234831,-123.179103,1669841520,-113,1669841520
13276243,130,11-28-2022,-118,6612,1669704629,1669704629,26,Southbound Mackenzie St @ W 37 Ave,49.238254,-123.170377,1669704511,-118,1669704511
13276188,45,11-30-2022,-843,6612,1669825890,1669825890,3,Southbound Burrard St @ Robson St,49.283087,-123.123336,1669825047,-843,1669825047
13276188,45,11-30-2022,-843,6612,1669825890,1669825890,3,Southbound Burrard St @ Robson St,49.283087,-123.123336,1669825047,-843,1669825047
13276199,55,11-29-2022,-135,6612,1669748280,1669748280,23,Eastbound W 16 Ave @ Carnarvon St,49.257583,-123.17185,1669748145,-135,1669748145
13276199,55,11-23-2022,-124,6612,1669229880,1669229880,23,Eastbound W 16 Ave @ Carnarvon St,49.257583,-123.17185,1669229756,-124,1669229756
13276199,55,12-07-2022,-152,6612,1670439480,1670439480,23,Eastbound W 16 Ave @ Carnarvon St,49.257583,-123.17185,1670439328,-152,1670439328
13276199,55,11-28-2022,-133,6612,1669661880,1669661880,23,Eastbound W 16 Ave @ Carnarvon St,49.257583,-123.17185,1669661747,-133,1669661747
13276198,112,12-07-2022,-112,6612,1670438011,1670438011,18,Southbound Macdonald St @ W 13 Ave,49.260226,-123.168421,1670437899,-112,1670437899
13276198,112,11-25-2022,-124,6612,1669401211,1669401211,18,Southbound Macdonald St @ W 13 Ave,49.260226,-123.168421,1669401087,-124,1669401087
13276381,299,12-04-2022,-184,6612,1670145674,1670145674,29,Westbound W 41 Ave @ Blenheim St,49.234831,-123.179103,1670145490,-184,1670145490
13276198,112,12-02-2022,-139,6612,1670006011,1670006011,18,Southbound Macdonald St @ W 13 Ave,49.260226,-123.168421,1670005872,-139,1670005872
13276198,112,11-24-2022,-139,6612,1669314811,1669314811,18,Southbound Macdonald St @ W 13 Ave,49.260226,-123.168421,1669314672,-139,1669314672
13276198,112,11-29-2022,-134,6612,1669746811,1669746811,18,Southbound Macdonald St @ W 13 Ave,49.260226,-123.168421,1669746677,-134,1669746677
13276188,103,11-30-2022,-776,6612,1669826344,1669826344,9,Westbound Cornwall Ave @ Arbutus St,49.272608,-123.152989,1669825568,-776,1669825568
13276188,103,11-30-2022,-776,6612,1669826344,1669826344,9,Westbound Cornwall Ave @ Arbutus St,49.272608,-123.152989,1669825568,-776,1669825568
13276188,103,11-30-2022,-776,6612,1669826344,1669826344,9,Westbound Cornwall Ave @ Arbutus St,49.272608,-123.152989,1669825568,-776,1669825568
13276198,112,12-08-2022,-151,6612,1670524411,1670524411,18,Southbound Macdonald St @ W 13 Ave,49.260226,-123.168421,1670524260,-151,1670524260
13276199,55,11-25-2022,-116,6612,1669402680,1669402680,23,Eastbound W 16 Ave @ Carnarvon St,49.257583,-123.17185,1669402564,-116,1669402564
13276198,112,12-05-2022,-113,6612,1670265211,1670265211,18,Southbound Macdonald St @ W 13 Ave,49.260226,-123.168421,1670265098,-113,1670265098
13276199,55,12-05-2022,-173,6612,1670266680,1670266680,23,Eastbound W 16 Ave @ Carnarvon St,49.257583,-123.17185,1670266507,-173,1670266507
13276233,114,12-05-2022,-129,6612,1670295579,1670295579,19,Westbound W 16 Ave @ Macdonald St,49.257816,-123.168896,1670295450,-129,1670295450
13276188,646,11-30-2022,-1888,6612,1669827600,1669827600,31,Dunbar Loop @ Bay 2,49.234593,-123.18575,1669825712,-1888,1669825712
13276188,646,11-30-2022,-1888,6612,1669827600,1669827600,31,Dunbar Loop @ Bay 2,49.234593,-123.18575,1669825712,-1888,1669825712
13276188,646,11-30-2022,-1888,6612,1669827600,1669827600,31,Dunbar Loop @ Bay 2,49.234593,-123.18575,1669825712,-1888,1669825712
13276188,646,11-30-2022,-1888,6612,1669827600,1669827600,31,Dunbar Loop @ Bay 2,49.234593,-123.18575,1669825712,-1888,1669825712
13276188,646,11-30-2022,-1888,6612,1669827600,1669827600,31,Dunbar Loop @ Bay 2,49.234593,-123.18575,1669825712,-1888,1669825712
13276188,646,11-30-2022,-1888,6612,1669827600,1669827600,31,Dunbar Loop @ Bay 2,49.234593,-123.18575,1669825712,-1888,1669825712
13276188,646,11-30-2022,-1888,6612,1669827600,1669827600,31,Dunbar Loop @ Bay 2,49.234593,-123.18575,1669825712,-1888,1669825712
13276137,106,11-29-2022,-187,6612,1669760892,1669760892,12,Westbound Cornwall Ave @ Trafalgar St,49.272799,-123.164636,1669760705,-187,1669760705
13276198,112,11-23-2022,-122,6612,1669228411,1669228411,18,Southbound Macdonald St @ W 13 Ave,49.260226,-123.168421,1669228289,-122,1669228289
13276199,55,11-30-2022,-126,6612,1669834680,1669834680,23,Eastbound W 16 Ave @ Carnarvon St,49.257583,-123.17185,1669834554,-126,1669834554
13276237,109,12-02-2022,-125,6612,1670034451,1670034451,15,Southbound Macdonald St @ W 6th Ave,49.266274,-123.168483,1670034326,-125,1670034326
13276144,12671,12-01-2022,-115,6612,1669937381,1669937381,28,Westbound W 41 Ave @ Carnarvon St,49.234826,-123.174148,1669937266,-115,1669937266
13276227,130,12-06-2022,-114,6612,1670314289,1670314289,26,Southbound Mackenzie St @ W 37 Ave,49.238254,-123.170377,1670314175,-114,1670314175
13276144,12671,12-06-2022,-145,6612,1670369381,1670369381,28,Westbound W 41 Ave @ Carnarvon St,49.234826,-123.174148,1670369236,-145,1670369236
13276139,104,11-28-2022,-802,6612,1669707573,1669707573,10,Westbound Cornwall Ave @ Yew St,49.272645,-123.155439,1669706771,-802,1669706771
13276139,104,11-28-2022,-802,6612,1669707573,1669707573,10,Westbound Cornwall Ave @ Yew St,49.272645,-123.155439,1669706771,-802,1669706771
13276139,104,11-28-2022,-802,6612,1669707573,1669707573,10,Westbound Cornwall Ave @ Yew St,49.272645,-123.155439,1669706771,-802,1669706771
13276227,130,12-07-2022,-115,6612,1670400689,1670400689,26,Southbound Mackenzie St @ W 37 Ave,49.238254,-123.170377,1670400574,-115,1670400574
13276227,130,12-01-2022,-115,6612,1669882289,1669882289,26,Southbound Mackenzie St @ W 37 Ave,49.238254,-123.170377,1669882174,-115,1669882174
13276223,110,11-29-2022,-134,6612,1669773731,1669773731,16,Southbound Macdonald St @ W Broadway,49.264268,-123.168373,1669773597,-134,1669773597
13276227,130,11-29-2022,-141,6612,1669709489,1669709489,26,Southbound Mackenzie St @ W 37 Ave,49.238254,-123.170377,1669709348,-141,1669709348
13276227,130,12-08-2022,-192,6612,1670487089,1670487089,26,Southbound Mackenzie St @ W 37 Ave,49.238254,-123.170377,1670486897,-192,1670486897
13276144,12671,11-30-2022,-119,6612,1669850981,1669850981,28,Westbound W 41 Ave @ Carnarvon St,49.234826,-123.174148,1669850862,-119,1669850862
13276235,114,11-22-2022,-3846,6612,1669175573,1669175573,19,Westbound W 16 Ave @ Macdonald St,49.257816,-123.168896,1669171727,-3846,1669171727
13276205,121,12-06-2022,-164,6612,1670358262,1670358262,21,Southbound Macdonald St @ Alamein Ave,49.249858,-123.167913,1670358098,-164,1670358098
13276205,121,12-06-2022,-164,6612,1670358262,1670358262,21,Southbound Macdonald St @ Alamein Ave,49.249858,-123.167913,1670358098,-164,1670358098
13276235,114,11-28-2022,-155,6612,1669693973,1669693973,19,Westbound W 16 Ave @ Macdonald St,49.257816,-123.168896,1669693818,-155,1669693818
13276180,112,11-30-2022,-186,6612,1669846351,1669846351,18,Southbound Macdonald St @ W 13 Ave,49.260226,-123.168421,1669846165,-186,1669846165
13276127,101,12-02-2022,-4106,6612,1669995898,1669995898,8,Westbound Cornwall Ave @ Cypress St,49.272539,-123.148302,1669991792,-4106,1669991792
13276194,646,12-07-2022,-113,6612,1670457480,1670457480,31,Dunbar Loop @ Bay 2,49.234593,-123.18575,1670457367,-113,1670457367
13276194,646,12-02-2022,-214,6612,1670025480,1670025480,31,Dunbar Loop @ Bay 2,49.234593,-123.18575,1670025266,-214,1670025266
13276180,112,11-23-2022,-124,6612,1669241551,1669241551,18,Southbound Macdonald St @ W 13 Ave,49.260226,-123.168421,1669241427,-124,1669241427
13276585,116,12-04-2022,-120,6612,1670186474,1670186474,21,Westbound W 16 Ave @ Balaclava St,49.257904,-123.17458,1670186354,-120,1670186354
13276194,646,12-06-2022,-168,6612,1670371080,1670371080,31,Dunbar Loop @ Bay 2,49.234593,-123.18575,1670370912,-168,1670370912
13276132,1379,12-06-2022,-113,6612,1670369660,1670369660,14,Southbound Macdonald St @ W 4th Ave,49.268064,-123.168411,1670369547,-113,1670369547
13276235,114,11-23-2022,-115,6612,1669261973,1669261973,19,Westbound W 16 Ave @ Macdonald St,49.257816,-123.168896,1669261858,-115,1669261858
13276194,646,12-01-2022,-128,6612,1669939080,1669939080,31,Dunbar Loop @ Bay 2,49.234593,-123.18575,1669938952,-128,1669938952
13276179,124,12-01-2022,-123,6612,1669949604,1669949604,23,Southbound Quesnel Dr @ W King Edward Ave,49.249603,-123.171914,1669949481,-123,1669949481
13276179,124,12-02-2022,-126,6612,1670036004,1670036004,23,Southbound Quesnel Dr @ W King Edward Ave,49.249603,-123.171914,1670035878,-126,1670035878
13276151,123,12-02-2022,-140,6612,1670001460,1670001460,22,Westbound W King Edward Ave @ Puget Dr,49.249627,-123.170432,1670001320,-140,1670001320
13276219,111,11-28-2022,-174,6612,1669685282,1669685282,17,Southbound Macdonald St @ W 11 Ave,49.261885,-123.16835,1669685108,-174,1669685108
13276382,300,12-04-2022,-121,6612,1670147514,1670147514,30,Westbound W 41 Ave @ Collingwood St,49.234836,-123.182546,1670147393,-121,1670147393
13276202,116,12-06-2022,-209,6612,1670355371,1670355371,21,Westbound W 16 Ave @ Balaclava St,49.257904,-123.17458,1670355162,-209,1670355162
13276207,115,11-28-2022,-166,6612,1669667709,1669667709,20,Westbound W 16 Ave @ Mackenzie St,49.257839,-123.170777,1669667543,-166,1669667543
13276219,111,11-30-2022,-116,6612,1669858082,1669858082,17,Southbound Macdonald St @ W 11 Ave,49.261885,-123.16835,1669857966,-116,1669857966
13276207,115,12-07-2022,-164,6612,1670445309,1670445309,20,Westbound W 16 Ave @ Mackenzie St,49.257839,-123.170777,1670445145,-164,1670445145
13276202,116,12-08-2022,-112,6612,1670528171,1670528171,21,Westbound W 16 Ave @ Balaclava St,49.257904,-123.17458,1670528059,-112,1670528059
13276202,116,12-05-2022,-125,6612,1670268971,1670268971,21,Westbound W 16 Ave @ Balaclava St,49.257904,-123.17458,1670268846,-125,1670268846
13276202,116,11-28-2022,-297,6612,1669664171,1669664171,21,Westbound W 16 Ave @ Balaclava St,49.257904,-123.17458,1669663874,-297,1669663874
13276202,116,11-28-2022,-297,6612,1669664171,1669664171,21,Westbound W 16 Ave @ Balaclava St,49.257904,-123.17458,1669663874,-297,1669663874
13276202,116,11-28-2022,-297,6612,1669664171,1669664171,21,Westbound W 16 Ave @ Balaclava St,49.257904,-123.17458,1669663874,-297,1669663874
13276202,116,11-28-2022,-297,6612,1669664171,1669664171,21,Westbound W 16 Ave @ Balaclava St,49.257904,-123.17458,1669663874,-297,1669663874
13276202,116,11-24-2022,-127,6612,1669318571,1669318571,21,Westbound W 16 Ave @ Balaclava St,49.257904,-123.17458,1669318444,-127,1669318444
13276197,113,12-05-2022,-203,6612,1670264399,1670264399,19,Southbound Macdonald St @ W 16 Ave,49.257315,-123.168496,1670264196,-203,1670264196
13276202,116,11-25-2022,-131,6612,1669404971,1669404971,21,Westbound W 16 Ave @ Balaclava St,49.257904,-123.17458,1669404840,-131,1669404840
13276382,300,11-27-2022,-117,6612,1669542714,1669542714,30,Westbound W 41 Ave @ Collingwood St,49.234836,-123.182546,1669542597,-117,1669542597
13276207,115,11-29-2022,-136,6612,1669754109,1669754109,20,Westbound W 16 Ave @ Mackenzie St,49.257839,-123.170777,1669753973,-136,1669753973
13276207,115,11-30-2022,-122,6612,1669840509,1669840509,20,Westbound W 16 Ave @ Mackenzie St,49.257839,-123.170777,1669840387,-122,1669840387
13276213,300,12-02-2022,-149,6612,1670019345,1670019345,30,Westbound W 41 Ave @ Collingwood St,49.234836,-123.182546,1670019196,-149,1670019196
13276226,12671,11-28-2022,-115,6612,1669689883,1669689883,28,Westbound W 41 Ave @ Carnarvon St,49.234826,-123.174148,1669689768,-115,1669689768
13339271,646,11-26-2022,-136,6612,1669519200,1669519200,31,Dunbar Loop @ Bay 2,49.234593,-123.18575,1669519064,-136,1669519064
13276226,12671,12-05-2022,-130,6612,1670294683,1670294683,28,Westbound W 41 Ave @ Carnarvon St,49.234826,-123.174148,1670294553,-130,1670294553
13276151,121,12-02-2022,-124,6612,1670001385,1670001385,21,Southbound Macdonald St @ Alamein Ave,49.249858,-123.167913,1670001261,-124,1670001261
13276176,119,11-23-2022,-226,6612,1669247768,1669247768,20,Southbound Macdonald St @ W 21 Ave,49.253375,-123.16787,1669247542,-226,1669247542
13276168,111,11-30-2022,-322,6612,1669865912,1669865912,17,Southbound Macdonald St @ W 11 Ave,49.261885,-123.16835,1669865590,-322,1669865590
13276199,110,11-28-2022,-115,6612,1669661511,1669661511,16,Southbound Macdonald St @ W Broadway,49.264268,-123.168373,1669661396,-115,1669661396
13276131,109,12-07-2022,-140,6612,1670431383,1670431383,15,Southbound Macdonald St @ W 6th Ave,49.266274,-123.168483,1670431243,-140,1670431243
13276206,112,12-06-2022,-185,6612,1670354011,1670354011,18,Southbound Macdonald St @ W 13 Ave,49.260226,-123.168421,1670353826,-185,1670353826
13339254,130,11-26-2022,-160,6612,1669498467,1669498467,26,Southbound Mackenzie St @ W 37 Ave,49.238254,-123.170377,1669498307,-160,1669498307
13276188,121,11-30-2022,-1801,6612,1669826965,1669826965,21,Southbound Macdonald St @ Alamein Ave,49.249858,-123.167913,1669825164,-1801,1669825164
13276188,121,11-30-2022,-1801,6612,1669826965,1669826965,21,Southbound Macdonald St @ Alamein Ave,49.249858,-123.167913,1669825164,-1801,1669825164
13276188,121,11-30-2022,-1801,6612,1669826965,1669826965,21,Southbound Macdonald St @ Alamein Ave,49.249858,-123.167913,1669825164,-1801,1669825164
13276188,121,11-30-2022,-1801,6612,1669826965,1669826965,21,Southbound Macdonald St @ Alamein Ave,49.249858,-123.167913,1669825164,-1801,1669825164
13276188,121,11-30-2022,-1801,6612,1669826965,1669826965,21,Southbound Macdonald St @ Alamein Ave,49.249858,-123.167913,1669825164,-1801,1669825164
13276188,121,11-30-2022,-1801,6612,1669826965,1669826965,21,Southbound Macdonald St @ Alamein Ave,49.249858,-123.167913,1669825164,-1801,1669825164
13276188,121,11-30-2022,-1801,6612,1669826965,1669826965,21,Southbound Macdonald St @ Alamein Ave,49.249858,-123.167913,1669825164,-1801,1669825164
13339274,646,11-26-2022,-126,6612,1669522740,1669522740,31,Dunbar Loop @ Bay 2,49.234593,-123.18575,1669522614,-126,1669522614
13276382,12671,12-04-2022,-170,6612,1670147416,1670147416,28,Westbound W 41 Ave @ Carnarvon St,49.234826,-123.174148,1670147246,-170,1670147246
13276206,112,11-29-2022,-121,6612,1669749211,1669749211,18,Southbound Macdonald St @ W 13 Ave,49.260226,-123.168421,1669749090,-121,1669749090
13276131,109,12-01-2022,-118,6612,1669912983,1669912983,15,Southbound Macdonald St @ W 6th Ave,49.266274,-123.168483,1669912865,-118,1669912865
13339274,646,12-03-2022,-118,6612,1670127540,1670127540,31,Dunbar Loop @ Bay 2,49.234593,-123.18575,1670127422,-118,1670127422
13276224,300,11-25-2022,-122,6612,1669419885,1669419885,30,Westbound W 41 Ave @ Collingwood St,49.234836,-123.182546,1669419763,-122,1669419763
13276224,300,11-30-2022,-126,6612,1669851885,1669851885,30,Westbound W 41 Ave @ Collingwood St,49.234836,-123.182546,1669851759,-126,1669851759
13276203,111,11-23-2022,-122,6612,1669233170,1669233170,17,Southbound Macdonald St @ W 11 Ave,49.261885,-123.16835,1669233048,-122,1669233048
13276203,111,11-28-2022,-168,6612,1669665170,1669665170,17,Southbound Macdonald St @ W 11 Ave,49.261885,-123.16835,1669665002,-168,1669665002
13276224,300,12-02-2022,-135,6612,1670024685,1670024685,30,Westbound W 41 Ave @ Collingwood St,49.234836,-123.182546,1670024550,-135,1670024550
13276191,1379,11-25-2022,-459,6612,1669439707,1669439707,14,Southbound Macdonald St @ W 4th Ave,49.268064,-123.168411,1669439248,-459,1669439248
13276191,1379,11-25-2022,-459,6612,1669439707,1669439707,14,Southbound Macdonald St @ W 4th Ave,49.268064,-123.168411,1669439248,-459,1669439248
13276224,300,11-24-2022,-139,6612,1669333485,1669333485,30,Westbound W 41 Ave @ Collingwood St,49.234836,-123.182546,1669333346,-139,1669333346
13276215,116,11-29-2022,-345,6612,1669768146,1669768146,21,Westbound W 16 Ave @ Balaclava St,49.257904,-123.17458,1669767801,-345,1669767801
13276154,111,12-02-2022,-129,6612,1669999190,1669999190,17,Southbound Macdonald St @ W 11 Ave,49.261885,-123.16835,1669999061,-129,1669999061
13276657,112,12-04-2022,-126,6612,1670227005,1670227005,18,Southbound Macdonald St @ W 13 Ave,49.260226,-123.168421,1670226879,-126,1670226879
13276117,105,12-08-2022,-185,6612,1670515685,1670515685,11,Westbound Cornwall Ave @ Point Grey Rd,49.272731,-123.160216,1670515500,-185,1670515500
13276125,130,11-23-2022,-148,6612,1669217412,1669217412,26,Southbound Mackenzie St @ W 37 Ave,49.238254,-123.170377,1669217264,-148,1669217264
13276215,116,12-06-2022,-158,6612,1670372946,1670372946,21,Westbound W 16 Ave @ Balaclava St,49.257904,-123.17458,1670372788,-158,1670372788
13276412,300,11-26-2022,-182,6612,1669482057,1669482057,30,Westbound W 41 Ave @ Collingwood St,49.234836,-123.182546,1669481875,-182,1669481875
13276154,111,11-29-2022,-143,6612,1669739990,1669739990,17,Southbound Macdonald St @ W 11 Ave,49.261885,-123.16835,1669739847,-143,1669739847
13276215,116,11-24-2022,-185,6612,1669336146,1669336146,21,Westbound W 16 Ave @ Balaclava St,49.257904,-123.17458,1669335961,-185,1669335961
13276193,299,11-28-2022,-116,6612,1669682513,1669682513,29,Westbound W 41 Ave @ Blenheim St,49.234831,-123.179103,1669682397,-116,1669682397
13276215,116,12-05-2022,-171,6612,1670286546,1670286546,21,Westbound W 16 Ave @ Balaclava St,49.257904,-123.17458,1670286375,-171,1670286375
13276215,116,11-28-2022,-135,6612,1669681746,1669681746,21,Westbound W 16 Ave @ Balaclava St,49.257904,-123.17458,1669681611,-135,1669681611
13276654,55,11-28-2022,-129,6612,1669628100,1669628100,23,Eastbound W 16 Ave @ Carnarvon St,49.257583,-123.17185,1669627971,-129,1669627971
13339251,55,11-26-2022,-139,6612,1669520400,1669520400,23,Eastbound W 16 Ave @ Carnarvon St,49.257583,-123.17185,1669520261,-139,1669520261
13276654,55,12-05-2022,-131,6612,1670232900,1670232900,23,Eastbound W 16 Ave @ Carnarvon St,49.257583,-123.17185,1670232769,-131,1670232769
13276125,130,11-29-2022,-196,6612,1669735811,1669735811,26,Southbound Mackenzie St @ W 37 Ave,49.238254,-123.170377,1669735615,-196,1669735615
13276154,111,11-28-2022,-113,6612,1669653590,1669653590,17,Southbound Macdonald St @ W 11 Ave,49.261885,-123.16835,1669653477,-113,1669653477
13276215,116,11-23-2022,-129,6612,1669249746,1669249746,21,Westbound W 16 Ave @ Balaclava St,49.257904,-123.17458,1669249617,-129,1669249617
13276116,107,12-07-2022,-112,6612,1670428534,1670428534,13,Southbound Macdonald St @ W 1st Ave,49.270753,-123.168323,1670428422,-112,1670428422
13276234,112,11-30-2022,-133,6612,1669864471,1669864471,18,Southbound Macdonald St @ W 13 Ave,49.260226,-123.168421,1669864338,-133,1669864338
13276234,112,11-22-2022,-337,6612,1669173271,1669173271,18,Southbound Macdonald St @ W 13 Ave,49.260226,-123.168421,1669172934,-337,1669172934
13276236,646,12-01-2022,-114,6612,1669955400,1669955400,31,Dunbar Loop @ Bay 2,49.234593,-123.18575,1669955286,-114,1669955286
13276191,107,11-25-2022,-478,6612,1669439660,1669439660,13,Southbound Macdonald St @ W 1st Ave,49.270753,-123.168323,1669439182,-478,1669439182
13276191,107,11-25-2022,-478,6612,1669439660,1669439660,13,Southbound Macdonald St @ W 1st Ave,49.270753,-123.168323,1669439182,-478,1669439182
13276234,112,12-07-2022,-399,6612,1670469271,1670469271,18,Southbound Macdonald St @ W 13 Ave,49.260226,-123.168421,1670468872,-399,1670468872
13339256,12671,12-03-2022,-117,6612,1670105963,1670105963,28,Westbound W 41 Ave @ Carnarvon St,49.234826,-123.174148,1670105846,-117,1670105846
13339256,12671,11-26-2022,-133,6612,1669501163,1669501163,28,Westbound W 41 Ave @ Carnarvon St,49.234826,-123.174148,1669501030,-133,1669501030
13276137,128,11-29-2022,-275,6612,1669761725,1669761725,25,Southbound Mackenzie St @ W 33 Ave,49.241997,-123.170345,1669761450,-275,1669761450
13276188,12494,11-30-2022,-725,6612,1669826034,1669826034,7,Southbound Burrard St @ Harwood St,49.277837,-123.131265,1669825309,-725,1669825309
13276188,12494,11-30-2022,-725,6612,1669826034,1669826034,7,Southbound Burrard St @ Harwood St,49.277837,-123.131265,1669825309,-725,1669825309
13276655,126,11-28-2022,-121,6612,1669626301,1669626301,24,Southbound Mackenzie St @ W 29 Ave,49.245848,-123.170308,1669626180,-121,1669626180
13276234,112,12-01-2022,-144,6612,1669950871,1669950871,18,Southbound Macdonald St @ W 13 Ave,49.260226,-123.168421,1669950727,-144,1669950727
13276139,113,11-28-2022,-865,6612,1669707973,1669707973,19,Southbound Macdonald St @ W 16 Ave,49.257315,-123.168496,1669707108,-865,1669707108
13276139,113,11-28-2022,-865,6612,1669707973,1669707973,19,Southbound Macdonald St @ W 16 Ave,49.257315,-123.168496,1669707108,-865,1669707108
13276139,113,11-28-2022,-865,6612,1669707973,1669707973,19,Southbound Macdonald St @ W 16 Ave,49.257315,-123.168496,1669707108,-865,1669707108
13339278,296,12-04-2022,-119,6612,1670146177,1670146177,27,Westbound W 41 Ave @ Mackenzie St,49.234819,-123.170795,1670146058,-119,1670146058
13276234,112,11-23-2022,-169,6612,1669259671,1669259671,18,Southbound Macdonald St @ W 13 Ave,49.260226,-123.168421,1669259502,-169,1669259502
13339278,296,11-27-2022,-159,6612,1669541377,1669541377,27,Westbound W 41 Ave @ Mackenzie St,49.234819,-123.170795,1669541218,-159,1669541218
13276120,300,12-08-2022,-124,6612,1670508243,1670508243,30,Westbound W 41 Ave @ Collingwood St,49.234836,-123.182546,1670508119,-124,1670508119
13276146,116,11-28-2022,-118,6612,1669686292,1669686292,21,Westbound W 16 Ave @ Balaclava St,49.257904,-123.17458,1669686174,-118,1669686174
13276177,109,11-28-2022,-181,6612,1669687997,1669687997,15,Southbound Macdonald St @ W 6th Ave,49.266274,-123.168483,1669687816,-181,1669687816
13276146,116,11-24-2022,-117,6612,1669340692,1669340692,21,Westbound W 16 Ave @ Balaclava St,49.257904,-123.17458,1669340575,-117,1669340575
13276612,130,12-04-2022,-152,6612,1670215191,1670215191,26,Southbound Mackenzie St @ W 37 Ave,49.238254,-123.170377,1670215039,-152,1670215039
13276120,300,12-05-2022,-126,6612,1670249043,1670249043,30,Westbound W 41 Ave @ Collingwood St,49.234836,-123.182546,1670248917,-126,1670248917
13276177,55,11-28-2022,-170,6612,1669688460,1669688460,23,Eastbound W 16 Ave @ Carnarvon St,49.257583,-123.17185,1669688290,-170,1669688290
13276177,55,11-29-2022,-129,6612,1669774860,1669774860,23,Eastbound W 16 Ave @ Carnarvon St,49.257583,-123.17185,1669774731,-129,1669774731
13276146,116,11-23-2022,-161,6612,1669254292,1669254292,21,Westbound W 16 Ave @ Balaclava St,49.257904,-123.17458,1669254131,-161,1669254131
13276177,55,11-23-2022,-125,6612,1669256460,1669256460,23,Eastbound W 16 Ave @ Carnarvon St,49.257583,-123.17185,1669256335,-125,1669256335
13276177,55,11-24-2022,-156,6612,1669342860,1669342860,23,Eastbound W 16 Ave @ Carnarvon St,49.257583,-123.17185,1669342704,-156,1669342704
13276120,300,12-01-2022,-118,6612,1669903443,1669903443,30,Westbound W 41 Ave @ Collingwood St,49.234836,-123.182546,1669903325,-118,1669903325
13276120,300,12-01-2022,-118,6612,1669903443,1669903443,30,Westbound W 41 Ave @ Collingwood St,49.234836,-123.182546,1669903325,-118,1669903325
13276177,109,12-05-2022,-159,6612,1670292797,1670292797,15,Southbound Macdonald St @ W 6th Ave,49.266274,-123.168483,1670292638,-159,1670292638
13276120,300,11-28-2022,-131,6612,1669644243,1669644243,30,Westbound W 41 Ave @ Collingwood St,49.234836,-123.182546,1669644112,-131,1669644112
13276146,116,12-01-2022,-149,6612,1669945492,1669945492,21,Westbound W 16 Ave @ Balaclava St,49.257904,-123.17458,1669945343,-149,1669945343
13276146,116,12-01-2022,-149,6612,1669945492,1669945492,21,Westbound W 16 Ave @ Balaclava St,49.257904,-123.17458,1669945343,-149,1669945343
13276146,116,12-08-2022,-191,6612,1670550292,1670550292,21,Westbound W 16 Ave @ Balaclava St,49.257904,-123.17458,1670550101,-191,1670550101
13276612,646,12-04-2022,-179,6612,1670215500,1670215500,31,Dunbar Loop @ Bay 2,49.234593,-123.18575,1670215321,-179,1670215321
13276163,296,12-02-2022,-144,6612,1670030932,1670030932,27,Westbound W 41 Ave @ Mackenzie St,49.234819,-123.170795,1670030788,-144,1670030788
13276675,107,11-27-2022,-160,6612,1669578874,1669578874,13,Southbound Macdonald St @ W 1st Ave,49.270753,-123.168323,1669578714,-160,1669578714
13276657,121,12-04-2022,-142,6612,1670227168,1670227168,21,Southbound Macdonald St @ Alamein Ave,49.249858,-123.167913,1670227026,-142,1670227026
13276163,296,12-05-2022,-128,6612,1670290132,1670290132,27,Westbound W 41 Ave @ Mackenzie St,49.234819,-123.170795,1670290004,-128,1670290004
13276146,116,12-02-2022,-172,6612,1670031892,1670031892,21,Westbound W 16 Ave @ Balaclava St,49.257904,-123.17458,1670031720,-172,1670031720
13276120,300,11-29-2022,-150,6612,1669730643,1669730643,30,Westbound W 41 Ave @ Collingwood St,49.234836,-123.182546,1669730493,-150,1669730493
13276146,116,11-30-2022,-165,6612,1669859092,1669859092,21,Westbound W 16 Ave @ Balaclava St,49.257904,-123.17458,1669858927,-165,1669858927
13276173,104,12-07-2022,-3408,6612,1670472258,1670472258,10,Westbound Cornwall Ave @ Yew St,49.272645,-123.155439,1670468850,-3408,1670468850
13276202,104,12-06-2022,-126,6612,1670354722,1670354722,10,Westbound Cornwall Ave @ Yew St,49.272645,-123.155439,1670354596,-126,1670354596
13276146,116,11-29-2022,-165,6612,1669772692,1669772692,21,Westbound W 16 Ave @ Balaclava St,49.257904,-123.17458,1669772527,-165,1669772527
13276612,646,11-27-2022,-157,6612,1669610700,1669610700,31,Dunbar Loop @ Bay 2,49.234593,-123.18575,1669610543,-157,1669610543
13276659,299,12-05-2022,-180,6612,1670232267,1670232267,29,Westbound W 41 Ave @ Blenheim St,49.234831,-123.179103,1670232087,-180,1670232087
13339360,12671,11-27-2022,-135,6612,1669608714,1669608714,28,Westbound W 41 Ave @ Carnarvon St,49.234826,-123.174148,1669608579,-135,1669608579
13276177,109,12-02-2022,-116,6612,1670033597,1670033597,15,Southbound Macdonald St @ W 6th Ave,49.266274,-123.168483,1670033481,-116,1670033481
13276212,112,12-06-2022,-242,6612,1670363611,1670363611,18,Southbound Macdonald St @ W 13 Ave,49.260226,-123.168421,1670363369,-242,1670363369
13276120,300,12-02-2022,-122,6612,1669989843,1669989843,30,Westbound W 41 Ave @ Collingwood St,49.234836,-123.182546,1669989721,-122,1669989721
13276214,128,11-30-2022,-145,6612,1669854313,1669854313,25,Southbound Mackenzie St @ W 33 Ave,49.241997,-123.170345,1669854168,-145,1669854168
13276229,106,11-29-2022,-120,6612,1669775945,1669775945,12,Westbound Cornwall Ave @ Trafalgar St,49.272799,-123.164636,1669775825,-120,1669775825
13276229,106,11-30-2022,-121,6612,1669862345,1669862345,12,Westbound Cornwall Ave @ Trafalgar St,49.272799,-123.164636,1669862224,-121,1669862224
13276146,116,12-06-2022,-200,6612,1670377492,1670377492,21,Westbound W 16 Ave @ Balaclava St,49.257904,-123.17458,1670377292,-200,1670377292
13276146,116,12-05-2022,-158,6612,1670291092,1670291092,21,Westbound W 16 Ave @ Balaclava St,49.257904,-123.17458,1670290934,-158,1670290934
13276659,299,11-28-2022,-121,6612,1669627467,1669627467,29,Westbound W 41 Ave @ Blenheim St,49.234831,-123.179103,1669627346,-121,1669627346
13276177,55,12-02-2022,-132,6612,1670034060,1670034060,23,Eastbound W 16 Ave @ Carnarvon St,49.257583,-123.17185,1670033928,-132,1670033928
13276148,111,11-30-2022,-420,6612,1669855057,1669855057,17,Southbound Macdonald St @ W 11 Ave,49.261885,-123.16835,1669854637,-420,1669854637
13276177,55,11-30-2022,-118,6612,1669861260,1669861260,23,Eastbound W 16 Ave @ Carnarvon St,49.257583,-123.17185,1669861142,-118,1669861142
13339278,8535,12-04-2022,-274,6612,1670144781,1670144781,2,Burrard Station @ Bay 1,49.285306,-123.119982,1670144507,-274,1670144507
13276146,116,11-25-2022,-180,6612,1669427092,1669427092,21,Westbound W 16 Ave @ Balaclava St,49.257904,-123.17458,1669426912,-180,1669426912
13276177,55,12-05-2022,-146,6612,1670293260,1670293260,23,Eastbound W 16 Ave @ Carnarvon St,49.257583,-123.17185,1670293114,-146,1670293114
13276135,111,12-05-2022,-138,6612,1670284897,1670284897,17,Southbound Macdonald St @ W 11 Ave,49.261885,-123.16835,1670284759,-138,1670284759
13276612,130,11-27-2022,-116,6612,1669610391,1669610391,26,Southbound Mackenzie St @ W 37 Ave,49.238254,-123.170377,1669610275,-116,1669610275
13276146,116,12-07-2022,-117,6612,1670463892,1670463892,21,Westbound W 16 Ave @ Balaclava St,49.257904,-123.17458,1670463775,-117,1670463775
13276120,300,11-25-2022,-139,6612,1669385044,1669385044,30,Westbound W 41 Ave @ Collingwood St,49.234836,-123.182546,1669384905,-139,1669384905
13276143,121,11-29-2022,-113,6612,1669715504,1669715504,21,Southbound Macdonald St @ Alamein Ave,49.249858,-123.167913,1669715391,-113,1669715391
13276373,300,12-03-2022,-113,6612,1670138514,1670138514,30,Westbound W 41 Ave @ Collingwood St,49.234836,-123.182546,1670138401,-113,1670138401
13339271,296,11-26-2022,-120,6612,1669518952,1669518952,27,Westbound W 41 Ave @ Mackenzie St,49.234819,-123.170795,1669518832,-120,1669518832
13276232,47,11-23-2022,-3529,6612,1669265708,1669265708,5,Southbound Burrard St @ Nelson St,49.280981,-123.126516,1669262179,-3529,1669262179
13276232,47,11-23-2022,-3529,6612,1669265708,1669265708,5,Southbound Burrard St @ Nelson St,49.280981,-123.126516,1669262179,-3529,1669262179
13276188,123,11-30-2022,-1815,6612,1669827040,1669827040,22,Westbound W King Edward Ave @ Puget Dr,49.249627,-123.170432,1669825225,-1815,1669825225
13276188,123,11-30-2022,-1815,6612,1669827040,1669827040,22,Westbound W King Edward Ave @ Puget Dr,49.249627,-123.170432,1669825225,-1815,1669825225
13276188,123,11-30-2022,-1815,6612,1669827040,1669827040,22,Westbound W King Edward Ave @ Puget Dr,49.249627,-123.170432,1669825225,-1815,1669825225
13276188,123,11-30-2022,-1815,6612,1669827040,1669827040,22,Westbound W King Edward Ave @ Puget Dr,49.249627,-123.170432,1669825225,-1815,1669825225
13276188,123,11-30-2022,-1815,6612,1669827040,1669827040,22,Westbound W King Edward Ave @ Puget Dr,49.249627,-123.170432,1669825225,-1815,1669825225
13276188,123,11-30-2022,-1815,6612,1669827040,1669827040,22,Westbound W King Edward Ave @ Puget Dr,49.249627,-123.170432,1669825225,-1815,1669825225
13276188,123,11-30-2022,-1815,6612,1669827040,1669827040,22,Westbound W King Edward Ave @ Puget Dr,49.249627,-123.170432,1669825225,-1815,1669825225
13276148,116,11-25-2022,-125,6612,1669423266,1669423266,21,Westbound W 16 Ave @ Balaclava St,49.257904,-123.17458,1669423141,-125,1669423141
13276148,116,11-30-2022,-420,6612,1669855266,1669855266,21,Westbound W 16 Ave @ Balaclava St,49.257904,-123.17458,1669854846,-420,1669854846
13276175,107,11-28-2022,-128,6612,1669680593,1669680593,13,Southbound Macdonald St @ W 1st Ave,49.270753,-123.168323,1669680465,-128,1669680465
13276211,8535,11-24-2022,-260,6612,1669324433,1669324433,2,Burrard Station @ Bay 1,49.285306,-123.119982,1669324173,-260,1669324173
13276211,8535,11-24-2022,-260,6612,1669324433,1669324433,2,Burrard Station @ Bay 1,49.285306,-123.119982,1669324173,-260,1669324173
13276645,130,11-27-2022,-142,6612,1669583641,1669583641,26,Southbound Mackenzie St @ W 37 Ave,49.238254,-123.170377,1669583499,-142,1669583499
13276119,107,12-07-2022,-138,6612,1670432175,1670432175,13,Southbound Macdonald St @ W 1st Ave,49.270753,-123.168323,1670432037,-138,1670432037
13276227,300,12-08-2022,-168,6612,1670487294,1670487294,30,Westbound W 41 Ave @ Collingwood St,49.234836,-123.182546,1670487126,-168,1670487126
13276227,300,12-06-2022,-165,6612,1670314494,1670314494,30,Westbound W 41 Ave @ Collingwood St,49.234836,-123.182546,1670314329,-165,1670314329
13276227,300,12-01-2022,-160,6612,1669882494,1669882494,30,Westbound W 41 Ave @ Collingwood St,49.234836,-123.182546,1669882334,-160,1669882334
13276227,300,11-29-2022,-211,6612,1669709694,1669709694,30,Westbound W 41 Ave @ Collingwood St,49.234836,-123.182546,1669709483,-211,1669709483
13276227,300,12-07-2022,-149,6612,1670400894,1670400894,30,Westbound W 41 Ave @ Collingwood St,49.234836,-123.182546,1670400745,-149,1670400745
13276131,115,12-01-2022,-137,6612,1669913229,1669913229,20,Westbound W 16 Ave @ Mackenzie St,49.257839,-123.170777,1669913092,-137,1669913092
13276131,115,12-07-2022,-157,6612,1670431629,1670431629,20,Westbound W 16 Ave @ Mackenzie St,49.257839,-123.170777,1670431472,-157,1670431472
13276161,1379,12-06-2022,-128,6612,1670362705,1670362705,14,Southbound Macdonald St @ W 4th Ave,49.268064,-123.168411,1670362577,-128,1670362577
13339274,130,12-03-2022,-121,6612,1670127212,1670127212,26,Southbound Mackenzie St @ W 37 Ave,49.238254,-123.170377,1670127091,-121,1670127091
13276197,126,12-05-2022,-299,6612,1670264735,1670264735,24,Southbound Mackenzie St @ W 29 Ave,49.245848,-123.170308,1670264436,-299,1670264436
13276197,103,12-05-2022,-184,6612,1670263924,1670263924,9,Westbound Cornwall Ave @ Arbutus St,49.272608,-123.152989,1670263740,-184,1670263740
13276132,55,11-28-2022,-204,6612,1669678920,1669678920,23,Eastbound W 16 Ave @ Carnarvon St,49.257583,-123.17185,1669678716,-204,1669678716
13276238,299,11-29-2022,-129,6612,1669783694,1669783694,29,Westbound W 41 Ave @ Blenheim St,49.234831,-123.179103,1669783565,-129,1669783565
13276164,126,11-23-2022,-169,6612,1669251641,1669251641,24,Southbound Mackenzie St @ W 29 Ave,49.245848,-123.170308,1669251472,-169,1669251472
13276132,55,12-06-2022,-125,6612,1670370120,1670370120,23,Eastbound W 16 Ave @ Carnarvon St,49.257583,-123.17185,1670369995,-125,1670369995
13276132,55,12-01-2022,-113,6612,1669938120,1669938120,23,Eastbound W 16 Ave @ Carnarvon St,49.257583,-123.17185,1669938007,-113,1669938007
13276118,107,11-23-2022,-143,6612,1669220475,1669220475,13,Southbound Macdonald St @ W 1st Ave,49.270753,-123.168323,1669220332,-143,1669220332
13276117,111,12-08-2022,-235,6612,1670516041,1670516041,17,Southbound Macdonald St @ W 11 Ave,49.261885,-123.16835,1670515806,-235,1670515806
13276118,107,12-08-2022,-113,6612,1670516475,1670516475,13,Southbound Macdonald St @ W 1st Ave,49.270753,-123.168323,1670516362,-113,1670516362
13276118,107,11-25-2022,-184,6612,1669393275,1669393275,13,Southbound Macdonald St @ W 1st Ave,49.270753,-123.168323,1669393091,-184,1669393091
13276365,646,11-26-2022,-242,6612,1669495140,1669495140,31,Dunbar Loop @ Bay 2,49.234593,-123.18575,1669494898,-242,1669494898
13276143,126,11-29-2022,-146,6612,1669715670,1669715670,24,Southbound Mackenzie St @ W 29 Ave,49.245848,-123.170308,1669715524,-146,1669715524
13276124,111,12-08-2022,-163,6612,1670512345,1670512345,17,Southbound Macdonald St @ W 11 Ave,49.261885,-123.16835,1670512182,-163,1670512182
13276118,107,12-06-2022,-117,6612,1670343675,1670343675,13,Southbound Macdonald St @ W 1st Ave,49.270753,-123.168323,1670343558,-117,1670343558
13276124,111,11-25-2022,-122,6612,1669389145,1669389145,17,Southbound Macdonald St @ W 11 Ave,49.261885,-123.16835,1669389023,-122,1669389023
13276117,111,11-25-2022,-115,6612,1669392841,1669392841,17,Southbound Macdonald St @ W 11 Ave,49.261885,-123.16835,1669392726,-115,1669392726
13276124,111,12-05-2022,-135,6612,1670253145,1670253145,17,Southbound Macdonald St @ W 11 Ave,49.261885,-123.16835,1670253010,-135,1670253010
13276142,128,12-06-2022,-164,6612,1670318735,1670318735,25,Southbound Mackenzie St @ W 33 Ave,49.241997,-123.170345,1670318571,-164,1670318571
13276124,111,12-02-2022,-139,6612,1669993945,1669993945,17,Southbound Macdonald St @ W 11 Ave,49.261885,-123.16835,1669993806,-139,1669993806
13276142,128,11-29-2022,-183,6612,1669713935,1669713935,25,Southbound Mackenzie St @ W 33 Ave,49.241997,-123.170345,1669713752,-183,1669713752
13276232,46,11-23-2022,-3488,6612,1669265681,1669265681,4,Southbound Burrard St @ Barclay St,49.282068,-123.12488,1669262193,-3488,1669262193
13276232,46,11-23-2022,-3488,6612,1669265681,1669265681,4,Southbound Burrard St @ Barclay St,49.282068,-123.12488,1669262193,-3488,1669262193
13276191,124,11-25-2022,-520,6612,1669440125,1669440125,23,Southbound Quesnel Dr @ W King Edward Ave,49.249603,-123.171914,1669439605,-520,1669439605
13276191,124,11-25-2022,-520,6612,1669440125,1669440125,23,Southbound Quesnel Dr @ W King Edward Ave,49.249603,-123.171914,1669439605,-520,1669439605
13276118,107,11-24-2022,-210,6612,1669306875,1669306875,13,Southbound Macdonald St @ W 1st Ave,49.270753,-123.168323,1669306665,-210,1669306665
13276143,126,12-06-2022,-150,6612,1670320470,1670320470,24,Southbound Mackenzie St @ W 29 Ave,49.245848,-123.170308,1670320320,-150,1670320320
13276146,54,11-24-2022,-117,6612,1669340740,1669340740,22,Eastbound W 16 Ave @ Trutch St,49.257636,-123.175459,1669340623,-117,1669340623
13276146,54,11-30-2022,-163,6612,1669859140,1669859140,22,Eastbound W 16 Ave @ Trutch St,49.257636,-123.175459,1669858977,-163,1669858977
13276182,299,12-06-2022,-158,6612,1670368614,1670368614,29,Westbound W 41 Ave @ Blenheim St,49.234831,-123.179103,1670368456,-158,1670368456
13276121,300,12-01-2022,-114,6612,1669904814,1669904814,30,Westbound W 41 Ave @ Collingwood St,49.234836,-123.182546,1669904700,-114,1669904700
13276121,300,11-28-2022,-115,6612,1669645614,1669645614,30,Westbound W 41 Ave @ Collingwood St,49.234836,-123.182546,1669645499,-115,1669645499
13276121,300,11-23-2022,-112,6612,1669213614,1669213614,30,Westbound W 41 Ave @ Collingwood St,49.234836,-123.182546,1669213502,-112,1669213502
13276146,54,11-23-2022,-174,6612,1669254340,1669254340,22,Eastbound W 16 Ave @ Trutch St,49.257636,-123.175459,1669254166,-174,1669254166
13276144,128,11-30-2022,-113,6612,1669850765,1669850765,25,Southbound Mackenzie St @ W 33 Ave,49.241997,-123.170345,1669850652,-113,1669850652
13276182,299,11-30-2022,-126,6612,1669850214,1669850214,29,Westbound W 41 Ave @ Blenheim St,49.234831,-123.179103,1669850088,-126,1669850088
13276146,54,12-06-2022,-206,6612,1670377540,1670377540,22,Eastbound W 16 Ave @ Trutch St,49.257636,-123.175459,1670377334,-206,1670377334
13276154,115,11-29-2022,-162,6612,1669740129,1669740129,20,Westbound W 16 Ave @ Mackenzie St,49.257839,-123.170777,1669739967,-162,1669739967
13276146,54,12-01-2022,-154,6612,1669945540,1669945540,22,Eastbound W 16 Ave @ Trutch St,49.257636,-123.175459,1669945386,-154,1669945386
13276146,54,12-01-2022,-154,6612,1669945540,1669945540,22,Eastbound W 16 Ave @ Trutch St,49.257636,-123.175459,1669945386,-154,1669945386
13276151,128,12-02-2022,-193,6612,1670001649,1670001649,25,Southbound Mackenzie St @ W 33 Ave,49.241997,-123.170345,1670001456,-193,1670001456
13276146,54,12-02-2022,-120,6612,1670031940,1670031940,22,Eastbound W 16 Ave @ Trutch St,49.257636,-123.175459,1670031820,-120,1670031820
13276146,54,12-02-2022,-120,6612,1670031940,1670031940,22,Eastbound W 16 Ave @ Trutch St,49.257636,-123.175459,1670031820,-120,1670031820
13276146,54,12-02-2022,-120,6612,1670031940,1670031940,22,Eastbound W 16 Ave @ Trutch St,49.257636,-123.175459,1670031820,-120,1670031820
13276121,300,12-05-2022,-111,6612,1670250414,1670250414,30,Westbound W 41 Ave @ Collingwood St,49.234836,-123.182546,1670250303,-111,1670250303
13276146,54,12-07-2022,-127,6612,1670463940,1670463940,22,Eastbound W 16 Ave @ Trutch St,49.257636,-123.175459,1670463813,-127,1670463813
13276146,54,11-25-2022,-193,6612,1669427140,1669427140,22,Eastbound W 16 Ave @ Trutch St,49.257636,-123.175459,1669426947,-193,1669426947
13276170,1379,11-24-2022,-217,6612,1669328660,1669328660,14,Southbound Macdonald St @ W 4th Ave,49.268064,-123.168411,1669328443,-217,1669328443
13276154,115,11-23-2022,-114,6612,1669221729,1669221729,20,Westbound W 16 Ave @ Mackenzie St,49.257839,-123.170777,1669221615,-114,1669221615
13276154,115,11-23-2022,-114,6612,1669221729,1669221729,20,Westbound W 16 Ave @ Mackenzie St,49.257839,-123.170777,1669221615,-114,1669221615
13276170,1379,12-02-2022,-270,6612,1670019860,1670019860,14,Southbound Macdonald St @ W 4th Ave,49.268064,-123.168411,1670019590,-270,1670019590
13276146,54,11-28-2022,-125,6612,1669686340,1669686340,22,Eastbound W 16 Ave @ Trutch St,49.257636,-123.175459,1669686215,-125,1669686215
13276146,54,12-05-2022,-164,6612,1670291140,1670291140,22,Eastbound W 16 Ave @ Trutch St,49.257636,-123.175459,1670290976,-164,1670290976
13276154,115,12-02-2022,-115,6612,1669999329,1669999329,20,Westbound W 16 Ave @ Mackenzie St,49.257839,-123.170777,1669999214,-115,1669999214
13276146,54,11-29-2022,-172,6612,1669772740,1669772740,22,Eastbound W 16 Ave @ Trutch St,49.257636,-123.175459,1669772568,-172,1669772568
13276121,300,11-29-2022,-126,6612,1669732014,1669732014,30,Westbound W 41 Ave @ Collingwood St,49.234836,-123.182546,1669731888,-126,1669731888
13276121,300,11-25-2022,-128,6612,1669386414,1669386414,30,Westbound W 41 Ave @ Collingwood St,49.234836,-123.182546,1669386286,-128,1669386286
13276154,115,11-28-2022,-132,6612,1669653729,1669653729,20,Westbound W 16 Ave @ Mackenzie St,49.257839,-123.170777,1669653597,-132,1669653597
13276146,54,12-08-2022,-194,6612,1670550340,1670550340,22,Eastbound W 16 Ave @ Trutch St,49.257636,-123.175459,1670550146,-194,1670550146
13276146,54,12-08-2022,-194,6612,1670550340,1670550340,22,Eastbound W 16 Ave @ Trutch St,49.257636,-123.175459,1670550146,-194,1670550146
13276146,54,12-08-2022,-194,6612,1670550340,1670550340,22,Eastbound W 16 Ave @ Trutch St,49.257636,-123.175459,1670550146,-194,1670550146
13276172,110,11-28-2022,-147,6612,1669657971,1669657971,16,Southbound Macdonald St @ W Broadway,49.264268,-123.168373,1669657824,-147,1669657824
13276144,128,12-06-2022,-118,6612,1670369165,1670369165,25,Southbound Mackenzie St @ W 33 Ave,49.241997,-123.170345,1670369047,-118,1670369047
13276219,55,12-07-2022,-126,6612,1670463240,1670463240,23,Eastbound W 16 Ave @ Carnarvon St,49.257583,-123.17185,1670463114,-126,1670463114
13276219,55,12-07-2022,-126,6612,1670463240,1670463240,23,Eastbound W 16 Ave @ Carnarvon St,49.257583,-123.17185,1670463114,-126,1670463114
13276219,55,12-07-2022,-126,6612,1670463240,1670463240,23,Eastbound W 16 Ave @ Carnarvon St,49.257583,-123.17185,1670463114,-126,1670463114
13276188,119,11-30-2022,-1787,6612,1669826897,1669826897,20,Southbound Macdonald St @ W 21 Ave,49.253375,-123.16787,1669825110,-1787,1669825110
13276188,119,11-30-2022,-1787,6612,1669826897,1669826897,20,Southbound Macdonald St @ W 21 Ave,49.253375,-123.16787,1669825110,-1787,1669825110
13276188,119,11-30-2022,-1787,6612,1669826897,1669826897,20,Southbound Macdonald St @ W 21 Ave,49.253375,-123.16787,1669825110,-1787,1669825110
13276188,119,11-30-2022,-1787,6612,1669826897,1669826897,20,Southbound Macdonald St @ W 21 Ave,49.253375,-123.16787,1669825110,-1787,1669825110
13276188,119,11-30-2022,-1787,6612,1669826897,1669826897,20,Southbound Macdonald St @ W 21 Ave,49.253375,-123.16787,1669825110,-1787,1669825110
13276188,119,11-30-2022,-1787,6612,1669826897,1669826897,20,Southbound Macdonald St @ W 21 Ave,49.253375,-123.16787,1669825110,-1787,1669825110
13276188,119,11-30-2022,-1787,6612,1669826897,1669826897,20,Southbound Macdonald St @ W 21 Ave,49.253375,-123.16787,1669825110,-1787,1669825110
13276125,646,11-24-2022,-118,6612,1669304100,1669304100,31,Dunbar Loop @ Bay 2,49.234593,-123.18575,1669303982,-118,1669303982
13276173,110,11-28-2022,-153,6612,1669695018,1669695018,16,Southbound Macdonald St @ W Broadway,49.264268,-123.168373,1669694865,-153,1669694865
13276142,119,12-06-2022,-128,6612,1670318445,1670318445,20,Southbound Macdonald St @ W 21 Ave,49.253375,-123.16787,1670318317,-128,1670318317
13276125,646,11-29-2022,-234,6612,1669736100,1669736100,31,Dunbar Loop @ Bay 2,49.234593,-123.18575,1669735866,-234,1669735866
13276173,110,12-07-2022,-3467,6612,1670472618,1670472618,16,Southbound Macdonald St @ W Broadway,49.264268,-123.168373,1670469151,-3467,1670469151
13276180,111,11-30-2022,-168,6612,1669846310,1669846310,17,Southbound Macdonald St @ W 11 Ave,49.261885,-123.16835,1669846142,-168,1669846142
13276125,646,12-07-2022,-117,6612,1670427300,1670427300,31,Dunbar Loop @ Bay 2,49.234593,-123.18575,1670427183,-117,1670427183
13276180,111,11-23-2022,-118,6612,1669241510,1669241510,17,Southbound Macdonald St @ W 11 Ave,49.261885,-123.16835,1669241392,-118,1669241392
13339251,54,11-26-2022,-139,6612,1669520333,1669520333,22,Eastbound W 16 Ave @ Trutch St,49.257636,-123.175459,1669520194,-139,1669520194
13276142,119,11-29-2022,-138,6612,1669713645,1669713645,20,Southbound Macdonald St @ W 21 Ave,49.253375,-123.16787,1669713507,-138,1669713507
13276219,55,12-06-2022,-123,6612,1670376840,1670376840,23,Eastbound W 16 Ave @ Carnarvon St,49.257583,-123.17185,1670376717,-123,1670376717
13276137,105,11-29-2022,-161,6612,1669760827,1669760827,11,Westbound Cornwall Ave @ Point Grey Rd,49.272731,-123.160216,1669760666,-161,1669760666
13276125,646,12-05-2022,-127,6612,1670254500,1670254500,31,Dunbar Loop @ Bay 2,49.234593,-123.18575,1670254373,-127,1670254373
13276212,101,12-06-2022,-113,6612,1670363005,1670363005,8,Westbound Cornwall Ave @ Cypress St,49.272539,-123.148302,1670362892,-113,1670362892
13276219,55,11-23-2022,-127,6612,1669253640,1669253640,23,Eastbound W 16 Ave @ Carnarvon St,49.257583,-123.17185,1669253513,-127,1669253513
13276219,55,11-28-2022,-141,6612,1669685640,1669685640,23,Eastbound W 16 Ave @ Carnarvon St,49.257583,-123.17185,1669685499,-141,1669685499
13276125,646,11-23-2022,-130,6612,1669217700,1669217700,31,Dunbar Loop @ Bay 2,49.234593,-123.18575,1669217570,-130,1669217570
13276219,55,11-30-2022,-180,6612,1669858440,1669858440,23,Eastbound W 16 Ave @ Carnarvon St,49.257583,-123.17185,1669858260,-180,1669858260
13276173,110,11-22-2022,-120,6612,1669176618,1669176618,16,Southbound Macdonald St @ W Broadway,49.264268,-123.168373,1669176498,-120,1669176498
13276219,55,12-08-2022,-116,6612,1670549640,1670549640,23,Eastbound W 16 Ave @ Carnarvon St,49.257583,-123.17185,1670549524,-116,1670549524
13276173,110,12-06-2022,-189,6612,1670386218,1670386218,16,Southbound Macdonald St @ W Broadway,49.264268,-123.168373,1670386029,-189,1670386029
13339235,55,11-26-2022,-126,6612,1669501200,1669501200,23,Eastbound W 16 Ave @ Carnarvon St,49.257583,-123.17185,1669501074,-126,1669501074
13339235,55,11-26-2022,-126,6612,1669501200,1669501200,23,Eastbound W 16 Ave @ Carnarvon St,49.257583,-123.17185,1669501074,-126,1669501074
13276173,106,11-28-2022,-129,6612,1669694797,1669694797,12,Westbound Cornwall Ave @ Trafalgar St,49.272799,-123.164636,1669694668,-129,1669694668
13276380,116,12-04-2022,-117,6612,1670144370,1670144370,21,Westbound W 16 Ave @ Balaclava St,49.257904,-123.17458,1670144253,-117,1670144253
13276227,12671,12-06-2022,-121,6612,1670314396,1670314396,28,Westbound W 41 Ave @ Carnarvon St,49.234826,-123.174148,1670314275,-121,1670314275
13276173,106,12-06-2022,-163,6612,1670385997,1670385997,12,Westbound Cornwall Ave @ Trafalgar St,49.272799,-123.164636,1670385834,-163,1670385834
13276227,12671,12-07-2022,-119,6612,1670400796,1670400796,28,Westbound W 41 Ave @ Carnarvon St,49.234826,-123.174148,1670400677,-119,1670400677
13276237,116,11-28-2022,-155,6612,1669689183,1669689183,21,Westbound W 16 Ave @ Balaclava St,49.257904,-123.17458,1669689028,-155,1669689028
13276237,116,12-02-2022,-125,6612,1670034783,1670034783,21,Westbound W 16 Ave @ Balaclava St,49.257904,-123.17458,1670034658,-125,1670034658
13276237,116,11-30-2022,-130,6612,1669861983,1669861983,21,Westbound W 16 Ave @ Balaclava St,49.257904,-123.17458,1669861853,-130,1669861853
13276227,12671,12-01-2022,-116,6612,1669882396,1669882396,28,Westbound W 41 Ave @ Carnarvon St,49.234826,-123.174148,1669882280,-116,1669882280
13276380,116,11-27-2022,-163,6612,1669539570,1669539570,21,Westbound W 16 Ave @ Balaclava St,49.257904,-123.17458,1669539407,-163,1669539407
13276227,12671,11-29-2022,-170,6612,1669709596,1669709596,28,Westbound W 41 Ave @ Carnarvon St,49.234826,-123.174148,1669709426,-170,1669709426
13276148,55,11-30-2022,-420,6612,1669855380,1669855380,23,Eastbound W 16 Ave @ Carnarvon St,49.257583,-123.17185,1669854960,-420,1669854960
13276173,106,12-07-2022,-3467,6612,1670472397,1670472397,12,Westbound Cornwall Ave @ Trafalgar St,49.272799,-123.164636,1670468930,-3467,1670468930
13276173,106,11-22-2022,-163,6612,1669176397,1669176397,12,Westbound Cornwall Ave @ Trafalgar St,49.272799,-123.164636,1669176234,-163,1669176234
13276148,55,11-25-2022,-135,6612,1669423380,1669423380,23,Eastbound W 16 Ave @ Carnarvon St,49.257583,-123.17185,1669423245,-135,1669423245
13276227,12671,12-08-2022,-125,6612,1670487196,1670487196,28,Westbound W 41 Ave @ Carnarvon St,49.234826,-123.174148,1670487071,-125,1670487071
13276243,299,11-28-2022,-155,6612,1669704794,1669704794,29,Westbound W 41 Ave @ Blenheim St,49.234831,-123.179103,1669704639,-155,1669704639
13276192,299,11-23-2022,-126,6612,1669229463,1669229463,29,Westbound W 41 Ave @ Blenheim St,49.234831,-123.179103,1669229337,-126,1669229337
13276176,128,12-07-2022,-127,6612,1670457733,1670457733,25,Southbound Mackenzie St @ W 33 Ave,49.241997,-123.170345,1670457606,-127,1670457606
13276192,299,12-07-2022,-117,6612,1670439063,1670439063,29,Westbound W 41 Ave @ Blenheim St,49.234831,-123.179103,1670438946,-117,1670438946
13276192,299,11-29-2022,-245,6612,1669747863,1669747863,29,Westbound W 41 Ave @ Blenheim St,49.234831,-123.179103,1669747618,-245,1669747618
13276140,12671,11-29-2022,-113,6612,1669710622,1669710622,28,Westbound W 41 Ave @ Carnarvon St,49.234826,-123.174148,1669710509,-113,1669710509
13276140,12671,12-08-2022,-154,6612,1670488222,1670488222,28,Westbound W 41 Ave @ Carnarvon St,49.234826,-123.174148,1670488068,-154,1670488068
13276176,128,11-23-2022,-139,6612,1669248134,1669248134,25,Southbound Mackenzie St @ W 33 Ave,49.241997,-123.170345,1669247995,-139,1669247995
13276232,110,11-23-2022,-3492,6612,1669266372,1669266372,16,Southbound Macdonald St @ W Broadway,49.264268,-123.168373,1669262880,-3492,1669262880
13276151,296,12-02-2022,-118,6612,1670001796,1670001796,27,Westbound W 41 Ave @ Mackenzie St,49.234819,-123.170795,1670001678,-118,1670001678
13276243,299,12-01-2022,-111,6612,1669963994,1669963994,29,Westbound W 41 Ave @ Blenheim St,49.234831,-123.179103,1669963883,-111,1669963883
13276192,299,11-25-2022,-231,6612,1669402263,1669402263,29,Westbound W 41 Ave @ Blenheim St,49.234831,-123.179103,1669402032,-231,1669402032
13276192,299,12-02-2022,-140,6612,1670007063,1670007063,29,Westbound W 41 Ave @ Blenheim St,49.234831,-123.179103,1670006923,-140,1670006923
13276217,109,11-30-2022,-206,6612,1669855666,1669855666,15,Southbound Macdonald St @ W 6th Ave,49.266274,-123.168483,1669855460,-206,1669855460
13276217,109,11-30-2022,-206,6612,1669855666,1669855666,15,Southbound Macdonald St @ W 6th Ave,49.266274,-123.168483,1669855460,-206,1669855460
13276210,296,11-23-2022,-135,6612,1669239172,1669239172,27,Westbound W 41 Ave @ Mackenzie St,49.234819,-123.170795,1669239037,-135,1669239037
13276168,98,11-30-2022,-275,6612,1669865185,1669865185,6,Southbound Burrard St @ Davie St,49.278914,-123.12964,1669864910,-275,1669864910
13276212,116,12-06-2022,-123,6612,1670363771,1670363771,21,Westbound W 16 Ave @ Balaclava St,49.257904,-123.17458,1670363648,-123,1670363648
13276118,114,12-07-2022,-115,6612,1670430399,1670430399,19,Westbound W 16 Ave @ Macdonald St,49.257816,-123.168896,1670430284,-115,1670430284
13276118,114,12-06-2022,-130,6612,1670343999,1670343999,19,Westbound W 16 Ave @ Macdonald St,49.257816,-123.168896,1670343869,-130,1670343869
13276210,296,11-29-2022,-116,6612,1669757572,1669757572,27,Westbound W 41 Ave @ Mackenzie St,49.234819,-123.170795,1669757456,-116,1669757456
13276234,47,11-22-2022,-135,6612,1669172242,1669172242,5,Southbound Burrard St @ Nelson St,49.280981,-123.126516,1669172107,-135,1669172107
13339276,12671,11-26-2022,-115,6612,1669523634,1669523634,28,Westbound W 41 Ave @ Carnarvon St,49.234826,-123.174148,1669523519,-115,1669523519
13276654,116,11-28-2022,-129,6612,1669628018,1669628018,21,Westbound W 16 Ave @ Balaclava St,49.257904,-123.17458,1669627889,-129,1669627889
13276218,111,12-06-2022,-123,6612,1670374996,1670374996,17,Southbound Macdonald St @ W 11 Ave,49.261885,-123.16835,1670374873,-123,1670374873
13276118,114,11-25-2022,-186,6612,1669393599,1669393599,19,Westbound W 16 Ave @ Macdonald St,49.257816,-123.168896,1669393413,-186,1669393413
13276118,114,12-08-2022,-124,6612,1670516799,1670516799,19,Westbound W 16 Ave @ Macdonald St,49.257816,-123.168896,1670516675,-124,1670516675
13276118,114,11-24-2022,-212,6612,1669307199,1669307199,19,Westbound W 16 Ave @ Macdonald St,49.257816,-123.168896,1669306987,-212,1669306987
13276212,116,11-25-2022,-133,6612,1669413371,1669413371,21,Westbound W 16 Ave @ Balaclava St,49.257904,-123.17458,1669413238,-133,1669413238
13276118,114,11-23-2022,-150,6612,1669220799,1669220799,19,Westbound W 16 Ave @ Macdonald St,49.257816,-123.168896,1669220649,-150,1669220649
13276210,296,12-02-2022,-130,6612,1670016772,1670016772,27,Westbound W 41 Ave @ Mackenzie St,49.234819,-123.170795,1670016642,-130,1670016642
13276218,111,12-05-2022,-153,6612,1670288596,1670288596,17,Southbound Macdonald St @ W 11 Ave,49.261885,-123.16835,1670288443,-153,1670288443
13276234,47,12-07-2022,-224,6612,1670468242,1670468242,5,Southbound Burrard St @ Nelson St,49.280981,-123.126516,1670468018,-224,1670468018
13276243,12671,12-01-2022,-117,6612,1669963936,1669963936,28,Westbound W 41 Ave @ Carnarvon St,49.234826,-123.174148,1669963819,-117,1669963819
13276243,12671,11-28-2022,-131,6612,1669704736,1669704736,28,Westbound W 41 Ave @ Carnarvon St,49.234826,-123.174148,1669704605,-131,1669704605
13276654,116,12-05-2022,-131,6612,1670232818,1670232818,21,Westbound W 16 Ave @ Balaclava St,49.257904,-123.17458,1670232687,-131,1670232687
13276196,107,11-28-2022,-147,6612,1669655955,1669655955,13,Southbound Macdonald St @ W 1st Ave,49.270753,-123.168323,1669655808,-147,1669655808
13276139,46,11-28-2022,-799,6612,1669707161,1669707161,4,Southbound Burrard St @ Barclay St,49.282068,-123.12488,1669706362,-799,1669706362
13276139,46,11-28-2022,-799,6612,1669707161,1669707161,4,Southbound Burrard St @ Barclay St,49.282068,-123.12488,1669706362,-799,1669706362
13276139,46,11-28-2022,-799,6612,1669707161,1669707161,4,Southbound Burrard St @ Barclay St,49.282068,-123.12488,1669706362,-799,1669706362
13276137,111,11-29-2022,-160,6612,1669761160,1669761160,17,Southbound Macdonald St @ W 11 Ave,49.261885,-123.16835,1669761000,-160,1669761000
13276246,116,11-25-2022,-144,6612,1669433714,1669433714,21,Westbound W 16 Ave @ Balaclava St,49.257904,-123.17458,1669433570,-144,1669433570
13276221,110,12-02-2022,-124,6612,1670032302,1670032302,16,Southbound Macdonald St @ W Broadway,49.264268,-123.168373,1670032178,-124,1670032178
13276115,300,11-28-2022,-130,6612,1669676565,1669676565,30,Westbound W 41 Ave @ Collingwood St,49.234836,-123.182546,1669676435,-130,1669676435
13276234,109,12-01-2022,-126,6612,1669950723,1669950723,15,Southbound Macdonald St @ W 6th Ave,49.266274,-123.168483,1669950597,-126,1669950597
13276171,106,11-24-2022,-135,6612,1669311172,1669311172,12,Westbound Cornwall Ave @ Trafalgar St,49.272799,-123.164636,1669311037,-135,1669311037
13276209,128,11-23-2022,-159,6612,1669237805,1669237805,25,Southbound Mackenzie St @ W 33 Ave,49.241997,-123.170345,1669237646,-159,1669237646
13276209,646,11-23-2022,-178,6612,1669238220,1669238220,31,Dunbar Loop @ Bay 2,49.234593,-123.18575,1669238042,-178,1669238042
13276234,109,12-07-2022,-386,6612,1670469123,1670469123,15,Southbound Macdonald St @ W 6th Ave,49.266274,-123.168483,1670468737,-386,1670468737
13276209,128,12-02-2022,-150,6612,1670015405,1670015405,25,Southbound Mackenzie St @ W 33 Ave,49.241997,-123.170345,1670015255,-150,1670015255
13276234,109,11-23-2022,-151,6612,1669259523,1669259523,15,Southbound Macdonald St @ W 6th Ave,49.266274,-123.168483,1669259372,-151,1669259372
13276209,646,11-30-2022,-216,6612,1669843020,1669843020,31,Dunbar Loop @ Bay 2,49.234593,-123.18575,1669842804,-216,1669842804
13276234,109,11-30-2022,-115,6612,1669864323,1669864323,15,Southbound Macdonald St @ W 6th Ave,49.266274,-123.168483,1669864208,-115,1669864208
13276137,110,11-29-2022,-152,6612,1669761107,1669761107,16,Southbound Macdonald St @ W Broadway,49.264268,-123.168373,1669760955,-152,1669760955
13276246,116,12-01-2022,-144,6612,1669952114,1669952114,21,Westbound W 16 Ave @ Balaclava St,49.257904,-123.17458,1669951970,-144,1669951970
13276246,116,12-01-2022,-144,6612,1669952114,1669952114,21,Westbound W 16 Ave @ Balaclava St,49.257904,-123.17458,1669951970,-144,1669951970
13276246,116,12-01-2022,-144,6612,1669952114,1669952114,21,Westbound W 16 Ave @ Balaclava St,49.257904,-123.17458,1669951970,-144,1669951970
13276234,109,11-22-2022,-325,6612,1669173123,1669173123,15,Southbound Macdonald St @ W 6th Ave,49.266274,-123.168483,1669172798,-325,1669172798
13276209,646,12-06-2022,-113,6612,1670361420,1670361420,31,Dunbar Loop @ Bay 2,49.234593,-123.18575,1670361307,-113,1670361307
13276209,646,11-24-2022,-154,6612,1669324620,1669324620,31,Dunbar Loop @ Bay 2,49.234593,-123.18575,1669324466,-154,1669324466
13276155,1379,12-06-2022,-215,6612,1670344040,1670344040,14,Southbound Macdonald St @ W 4th Ave,49.268064,-123.168411,1670343825,-215,1670343825
13276209,646,12-02-2022,-130,6612,1670015820,1670015820,31,Dunbar Loop @ Bay 2,49.234593,-123.18575,1670015690,-130,1670015690
13276209,646,12-01-2022,-112,6612,1669929420,1669929420,31,Dunbar Loop @ Bay 2,49.234593,-123.18575,1669929308,-112,1669929308
13276115,300,11-23-2022,-162,6612,1669244565,1669244565,30,Westbound W 41 Ave @ Collingwood St,49.234836,-123.182546,1669244403,-162,1669244403
13276209,646,12-05-2022,-118,6612,1670275020,1670275020,31,Dunbar Loop @ Bay 2,49.234593,-123.18575,1670274902,-118,1670274902
13276209,128,11-30-2022,-164,6612,1669842605,1669842605,25,Southbound Mackenzie St @ W 33 Ave,49.241997,-123.170345,1669842441,-164,1669842441
13276161,47,12-06-2022,-1162,6612,1670361954,1670361954,5,Southbound Burrard St @ Nelson St,49.280981,-123.126516,1670360792,-1162,1670360792
13276161,47,12-06-2022,-1162,6612,1670361954,1670361954,5,Southbound Burrard St @ Nelson St,49.280981,-123.126516,1670360792,-1162,1670360792
13276115,300,11-30-2022,-132,6612,1669849365,1669849365,30,Westbound W 41 Ave @ Collingwood St,49.234836,-123.182546,1669849233,-132,1669849233
13276194,123,12-02-2022,-177,6612,1670024850,1670024850,22,Westbound W King Edward Ave @ Puget Dr,49.249627,-123.170432,1670024673,-177,1670024673
13276118,105,11-25-2022,-119,6612,1669393120,1669393120,11,Westbound Cornwall Ave @ Point Grey Rd,49.272731,-123.160216,1669393001,-119,1669393001
13276161,130,11-28-2022,-172,6612,1669672287,1669672287,26,Southbound Mackenzie St @ W 37 Ave,49.238254,-123.170377,1669672115,-172,1669672115
13276232,296,11-23-2022,-3448,6612,1669266997,1669266997,27,Westbound W 41 Ave @ Mackenzie St,49.234819,-123.170795,1669263549,-3448,1669263549
13276232,296,11-23-2022,-3448,6612,1669266997,1669266997,27,Westbound W 41 Ave @ Mackenzie St,49.234819,-123.170795,1669263549,-3448,1669263549
13276161,130,11-30-2022,-122,6612,1669845087,1669845087,26,Southbound Mackenzie St @ W 37 Ave,49.238254,-123.170377,1669844965,-122,1669844965
13276161,130,11-24-2022,-143,6612,1669326687,1669326687,26,Southbound Mackenzie St @ W 37 Ave,49.238254,-123.170377,1669326544,-143,1669326544
13276161,130,12-05-2022,-119,6612,1670277087,1670277087,26,Southbound Mackenzie St @ W 37 Ave,49.238254,-123.170377,1670276968,-119,1670276968
13276124,107,12-08-2022,-154,6612,1670512154,1670512154,13,Southbound Macdonald St @ W 1st Ave,49.270753,-123.168323,1670512000,-154,1670512000
13276232,296,11-24-2022,-118,6612,1669353397,1669353397,27,Westbound W 41 Ave @ Mackenzie St,49.234819,-123.170795,1669353279,-118,1669353279
13339235,54,11-26-2022,-126,6612,1669501133,1669501133,22,Eastbound W 16 Ave @ Trutch St,49.257636,-123.175459,1669501007,-126,1669501007
13339235,54,11-26-2022,-126,6612,1669501133,1669501133,22,Eastbound W 16 Ave @ Trutch St,49.257636,-123.175459,1669501007,-126,1669501007
13276194,123,12-06-2022,-136,6612,1670370450,1670370450,22,Westbound W King Edward Ave @ Puget Dr,49.249627,-123.170432,1670370314,-136,1670370314
13276118,105,11-24-2022,-145,6612,1669306720,1669306720,11,Westbound Cornwall Ave @ Point Grey Rd,49.272731,-123.160216,1669306575,-145,1669306575
13276232,107,11-23-2022,-3523,6612,1669266260,1669266260,13,Southbound Macdonald St @ W 1st Ave,49.270753,-123.168323,1669262737,-3523,1669262737
13276139,12494,11-28-2022,-735,6612,1669707265,1669707265,7,Southbound Burrard St @ Harwood St,49.277837,-123.131265,1669706530,-735,1669706530
13276139,12494,11-28-2022,-735,6612,1669707265,1669707265,7,Southbound Burrard St @ Harwood St,49.277837,-123.131265,1669706530,-735,1669706530
13276139,12494,11-28-2022,-735,6612,1669707265,1669707265,7,Southbound Burrard St @ Harwood St,49.277837,-123.131265,1669706530,-735,1669706530
13276161,130,11-29-2022,-148,6612,1669758687,1669758687,26,Southbound Mackenzie St @ W 37 Ave,49.238254,-123.170377,1669758539,-148,1669758539
13276161,130,12-06-2022,-232,6612,1670363487,1670363487,26,Southbound Mackenzie St @ W 37 Ave,49.238254,-123.170377,1670363255,-232,1670363255
13276175,55,12-05-2022,-131,6612,1670285940,1670285940,23,Eastbound W 16 Ave @ Carnarvon St,49.257583,-123.17185,1670285809,-131,1670285809
13276215,46,12-06-2022,-146,6612,1670371673,1670371673,4,Southbound Burrard St @ Barclay St,49.282068,-123.12488,1670371527,-146,1670371527
13276120,12671,11-25-2022,-129,6612,1669384956,1669384956,28,Westbound W 41 Ave @ Carnarvon St,49.234826,-123.174148,1669384827,-129,1669384827
13276363,114,12-03-2022,-124,6612,1670101005,1670101005,19,Westbound W 16 Ave @ Macdonald St,49.257816,-123.168896,1670100881,-124,1670100881
13276176,126,11-23-2022,-127,6612,1669248052,1669248052,24,Southbound Mackenzie St @ W 29 Ave,49.245848,-123.170308,1669247925,-127,1669247925
13276176,126,12-07-2022,-118,6612,1670457651,1670457651,24,Southbound Mackenzie St @ W 29 Ave,49.245848,-123.170308,1670457533,-118,1670457533
13276203,1379,11-23-2022,-116,6612,1669233020,1669233020,14,Southbound Macdonald St @ W 4th Ave,49.268064,-123.168411,1669232904,-116,1669232904
13276232,300,11-23-2022,-114,6612,1669267134,1669267134,30,Westbound W 41 Ave @ Collingwood St,49.234836,-123.182546,1669267020,-114,1669267020
13276120,12671,12-05-2022,-128,6612,1670248955,1670248955,28,Westbound W 41 Ave @ Carnarvon St,49.234826,-123.174148,1670248827,-128,1670248827
13276120,12671,12-08-2022,-136,6612,1670508155,1670508155,28,Westbound W 41 Ave @ Carnarvon St,49.234826,-123.174148,1670508019,-136,1670508019
13276232,300,11-24-2022,-113,6612,1669353534,1669353534,30,Westbound W 41 Ave @ Collingwood St,49.234836,-123.182546,1669353421,-113,1669353421
13276203,1379,11-28-2022,-159,6612,1669665020,1669665020,14,Southbound Macdonald St @ W 4th Ave,49.268064,-123.168411,1669664861,-159,1669664861
13276120,12671,11-29-2022,-117,6612,1669730555,1669730555,28,Westbound W 41 Ave @ Carnarvon St,49.234826,-123.174148,1669730438,-117,1669730438
13276396,111,12-03-2022,-139,6612,1670130805,1670130805,17,Southbound Macdonald St @ W 11 Ave,49.261885,-123.16835,1670130666,-139,1670130666
13276120,12671,12-01-2022,-122,6612,1669903355,1669903355,28,Westbound W 41 Ave @ Carnarvon St,49.234826,-123.174148,1669903233,-122,1669903233
13276175,55,11-28-2022,-118,6612,1669681140,1669681140,23,Eastbound W 16 Ave @ Carnarvon St,49.257583,-123.17185,1669681022,-118,1669681022
13276120,12671,12-02-2022,-141,6612,1669989755,1669989755,28,Westbound W 41 Ave @ Carnarvon St,49.234826,-123.174148,1669989614,-141,1669989614
13276175,55,12-02-2022,-116,6612,1670026740,1670026740,23,Eastbound W 16 Ave @ Carnarvon St,49.257583,-123.17185,1670026624,-116,1670026624
13276168,106,11-30-2022,-336,6612,1669865675,1669865675,12,Westbound Cornwall Ave @ Trafalgar St,49.272799,-123.164636,1669865339,-336,1669865339
13276123,12671,12-06-2022,-118,6612,1670339226,1670339226,28,Westbound W 41 Ave @ Carnarvon St,49.234826,-123.174148,1670339108,-118,1670339108
13276234,45,11-22-2022,-190,6612,1669172170,1669172170,3,Southbound Burrard St @ Robson St,49.283087,-123.123336,1669171980,-190,1669171980
13276203,107,11-28-2022,-162,6612,1669664955,1669664955,13,Southbound Macdonald St @ W 1st Ave,49.270753,-123.168323,1669664793,-162,1669664793
13276123,12671,12-07-2022,-130,6612,1670425626,1670425626,28,Westbound W 41 Ave @ Carnarvon St,49.234826,-123.174148,1670425496,-130,1670425496
13276123,12671,11-29-2022,-117,6612,1669734426,1669734426,28,Westbound W 41 Ave @ Carnarvon St,49.234826,-123.174148,1669734309,-117,1669734309
13276203,107,11-23-2022,-119,6612,1669232955,1669232955,13,Southbound Macdonald St @ W 1st Ave,49.270753,-123.168323,1669232836,-119,1669232836
13276123,12671,12-01-2022,-121,6612,1669907226,1669907226,28,Westbound W 41 Ave @ Carnarvon St,49.234826,-123.174148,1669907105,-121,1669907105
13276234,45,12-07-2022,-272,6612,1670468170,1670468170,3,Southbound Burrard St @ Robson St,49.283087,-123.123336,1670467898,-272,1670467898
13276180,115,11-23-2022,-130,6612,1669241649,1669241649,20,Westbound W 16 Ave @ Mackenzie St,49.257839,-123.170777,1669241519,-130,1669241519
13276382,299,11-27-2022,-117,6612,1669542674,1669542674,29,Westbound W 41 Ave @ Blenheim St,49.234831,-123.179103,1669542557,-117,1669542557
13276246,112,11-25-2022,-114,6612,1669433560,1669433560,18,Southbound Macdonald St @ W 13 Ave,49.260226,-123.168421,1669433446,-114,1669433446
13276382,299,12-04-2022,-195,6612,1670147474,1670147474,29,Westbound W 41 Ave @ Blenheim St,49.234831,-123.179103,1670147279,-195,1670147279
13276123,12671,11-23-2022,-115,6612,1669216027,1669216027,28,Westbound W 41 Ave @ Carnarvon St,49.234826,-123.174148,1669215912,-115,1669215912
13276123,12671,11-24-2022,-156,6612,1669302427,1669302427,28,Westbound W 41 Ave @ Carnarvon St,49.234826,-123.174148,1669302271,-156,1669302271
13276123,12671,11-28-2022,-146,6612,1669648026,1669648026,28,Westbound W 41 Ave @ Carnarvon St,49.234826,-123.174148,1669647880,-146,1669647880
13276180,115,12-06-2022,-150,6612,1670364849,1670364849,20,Westbound W 16 Ave @ Mackenzie St,49.257839,-123.170777,1670364699,-150,1670364699
13276123,12671,11-30-2022,-146,6612,1669820826,1669820826,28,Westbound W 41 Ave @ Carnarvon St,49.234826,-123.174148,1669820680,-146,1669820680
13276123,12671,12-08-2022,-118,6612,1670512026,1670512026,28,Westbound W 41 Ave @ Carnarvon St,49.234826,-123.174148,1670511908,-118,1670511908
13276123,12671,11-25-2022,-127,6612,1669388827,1669388827,28,Westbound W 41 Ave @ Carnarvon St,49.234826,-123.174148,1669388700,-127,1669388700
13276180,115,11-30-2022,-117,6612,1669846449,1669846449,20,Westbound W 16 Ave @ Mackenzie St,49.257839,-123.170777,1669846332,-117,1669846332
13276127,55,12-02-2022,-124,6612,1669996740,1669996740,23,Eastbound W 16 Ave @ Carnarvon St,49.257583,-123.17185,1669996616,-124,1669996616
13276381,119,12-04-2022,-142,6612,1670145143,1670145143,20,Southbound Macdonald St @ W 21 Ave,49.253375,-123.16787,1670145001,-142,1670145001
13276207,54,11-28-2022,-205,6612,1669667811,1669667811,22,Eastbound W 16 Ave @ Trutch St,49.257636,-123.175459,1669667606,-205,1669667606
13339274,300,11-26-2022,-126,6612,1669522662,1669522662,30,Westbound W 41 Ave @ Collingwood St,49.234836,-123.182546,1669522536,-126,1669522536
13276207,54,12-07-2022,-132,6612,1670445411,1670445411,22,Eastbound W 16 Ave @ Trutch St,49.257636,-123.175459,1670445279,-132,1670445279
13276127,55,12-07-2022,-145,6612,1670428740,1670428740,23,Eastbound W 16 Ave @ Carnarvon St,49.257583,-123.17185,1670428595,-145,1670428595
13276127,55,12-07-2022,-145,6612,1670428740,1670428740,23,Eastbound W 16 Ave @ Carnarvon St,49.257583,-123.17185,1670428595,-145,1670428595
13276127,55,12-07-2022,-145,6612,1670428740,1670428740,23,Eastbound W 16 Ave @ Carnarvon St,49.257583,-123.17185,1670428595,-145,1670428595
13276144,130,12-01-2022,-116,6612,1669937247,1669937247,26,Southbound Mackenzie St @ W 37 Ave,49.238254,-123.170377,1669937131,-116,1669937131
13276127,55,12-01-2022,-111,6612,1669910340,1669910340,23,Eastbound W 16 Ave @ Carnarvon St,49.257583,-123.17185,1669910229,-111,1669910229
13276127,55,12-01-2022,-111,6612,1669910340,1669910340,23,Eastbound W 16 Ave @ Carnarvon St,49.257583,-123.17185,1669910229,-111,1669910229
13276143,646,12-06-2022,-124,6612,1670320860,1670320860,31,Dunbar Loop @ Bay 2,49.234593,-123.18575,1670320736,-124,1670320736
13276207,109,12-07-2022,-135,6612,1670445063,1670445063,15,Southbound Macdonald St @ W 6th Ave,49.266274,-123.168483,1670444928,-135,1670444928
13276119,1379,12-07-2022,-133,6612,1670432240,1670432240,14,Southbound Macdonald St @ W 4th Ave,49.268064,-123.168411,1670432107,-133,1670432107
13276127,55,12-08-2022,-125,6612,1670515140,1670515140,23,Eastbound W 16 Ave @ Carnarvon St,49.257583,-123.17185,1670515015,-125,1670515015
13276127,55,12-08-2022,-125,6612,1670515140,1670515140,23,Eastbound W 16 Ave @ Carnarvon St,49.257583,-123.17185,1670515015,-125,1670515015
13276148,105,11-30-2022,-420,6612,1669854672,1669854672,11,Westbound Cornwall Ave @ Point Grey Rd,49.272731,-123.160216,1669854252,-420,1669854252
13276127,55,11-24-2022,-117,6612,1669305540,1669305540,23,Eastbound W 16 Ave @ Carnarvon St,49.257583,-123.17185,1669305423,-117,1669305423
13276207,54,11-29-2022,-175,6612,1669754211,1669754211,22,Eastbound W 16 Ave @ Trutch St,49.257636,-123.175459,1669754036,-175,1669754036
13276127,55,11-23-2022,-127,6612,1669219140,1669219140,23,Eastbound W 16 Ave @ Carnarvon St,49.257583,-123.17185,1669219013,-127,1669219013
13276168,112,11-30-2022,-330,6612,1669865944,1669865944,18,Southbound Macdonald St @ W 13 Ave,49.260226,-123.168421,1669865614,-330,1669865614
13276207,109,11-28-2022,-165,6612,1669667463,1669667463,15,Southbound Macdonald St @ W 6th Ave,49.266274,-123.168483,1669667298,-165,1669667298
13276143,646,11-29-2022,-270,6612,1669716060,1669716060,31,Dunbar Loop @ Bay 2,49.234593,-123.18575,1669715790,-270,1669715790
13276127,55,11-25-2022,-219,6612,1669391940,1669391940,23,Eastbound W 16 Ave @ Carnarvon St,49.257583,-123.17185,1669391721,-219,1669391721
13276377,296,12-04-2022,-139,6612,1670141977,1670141977,27,Westbound W 41 Ave @ Mackenzie St,49.234819,-123.170795,1670141838,-139,1670141838
13276144,130,11-30-2022,-120,6612,1669850847,1669850847,26,Southbound Mackenzie St @ W 37 Ave,49.238254,-123.170377,1669850727,-120,1669850727
13339274,300,12-03-2022,-118,6612,1670127462,1670127462,30,Westbound W 41 Ave @ Collingwood St,49.234836,-123.182546,1670127344,-118,1670127344
13276207,54,11-30-2022,-140,6612,1669840611,1669840611,22,Eastbound W 16 Ave @ Trutch St,49.257636,-123.175459,1669840471,-140,1669840471
13276144,130,12-06-2022,-150,6612,1670369247,1670369247,26,Southbound Mackenzie St @ W 37 Ave,49.238254,-123.170377,1670369097,-150,1670369097
13276207,54,12-01-2022,-112,6612,1669927011,1669927011,22,Eastbound W 16 Ave @ Trutch St,49.257636,-123.175459,1669926899,-112,1669926899
13276211,55,11-24-2022,-351,6612,1669325880,1669325880,23,Eastbound W 16 Ave @ Carnarvon St,49.257583,-123.17185,1669325529,-351,1669325529
13276211,55,11-24-2022,-351,6612,1669325880,1669325880,23,Eastbound W 16 Ave @ Carnarvon St,49.257583,-123.17185,1669325529,-351,1669325529
13276157,296,11-25-2022,-210,6612,1669405756,1669405756,27,Westbound W 41 Ave @ Mackenzie St,49.234819,-123.170795,1669405546,-210,1669405546
13276211,55,12-07-2022,-122,6612,1670449080,1670449080,23,Eastbound W 16 Ave @ Carnarvon St,49.257583,-123.17185,1670448958,-122,1670448958
13276122,646,11-24-2022,-125,6612,1669301280,1669301280,31,Dunbar Loop @ Bay 2,49.234593,-123.18575,1669301155,-125,1669301155
13276146,104,12-06-2022,-123,6612,1670376716,1670376716,10,Westbound Cornwall Ave @ Yew St,49.272645,-123.155439,1670376593,-123,1670376593
13276211,55,12-06-2022,-113,6612,1670362680,1670362680,23,Eastbound W 16 Ave @ Carnarvon St,49.257583,-123.17185,1670362567,-113,1670362567
13276211,55,12-06-2022,-113,6612,1670362680,1670362680,23,Eastbound W 16 Ave @ Carnarvon St,49.257583,-123.17185,1670362567,-113,1670362567
13276211,55,12-06-2022,-113,6612,1670362680,1670362680,23,Eastbound W 16 Ave @ Carnarvon St,49.257583,-123.17185,1670362567,-113,1670362567
13276211,55,12-06-2022,-113,6612,1670362680,1670362680,23,Eastbound W 16 Ave @ Carnarvon St,49.257583,-123.17185,1670362567,-113,1670362567
13276208,54,11-30-2022,-159,6612,1669841811,1669841811,22,Eastbound W 16 Ave @ Trutch St,49.257636,-123.175459,1669841652,-159,1669841652
13276208,54,11-30-2022,-159,6612,1669841811,1669841811,22,Eastbound W 16 Ave @ Trutch St,49.257636,-123.175459,1669841652,-159,1669841652
13276122,646,11-23-2022,-118,6612,1669214880,1669214880,31,Dunbar Loop @ Bay 2,49.234593,-123.18575,1669214762,-118,1669214762
13276127,8535,12-02-2022,-4034,6612,1669995348,1669995348,2,Burrard Station @ Bay 1,49.285306,-123.119982,1669991314,-4034,1669991314
13276127,8535,12-02-2022,-4034,6612,1669995348,1669995348,2,Burrard Station @ Bay 1,49.285306,-123.119982,1669991314,-4034,1669991314
13276381,130,12-04-2022,-132,6612,1670145509,1670145509,26,Southbound Mackenzie St @ W 37 Ave,49.238254,-123.170377,1670145377,-132,1670145377
13276211,55,12-08-2022,-121,6612,1670535480,1670535480,23,Eastbound W 16 Ave @ Carnarvon St,49.257583,-123.17185,1670535359,-121,1670535359
13276208,54,12-06-2022,-114,6612,1670360211,1670360211,22,Eastbound W 16 Ave @ Trutch St,49.257636,-123.175459,1670360097,-114,1670360097
13276122,646,11-25-2022,-188,6612,1669387680,1669387680,31,Dunbar Loop @ Bay 2,49.234593,-123.18575,1669387492,-188,1669387492
13276211,55,11-30-2022,-184,6612,1669844280,1669844280,23,Eastbound W 16 Ave @ Carnarvon St,49.257583,-123.17185,1669844096,-184,1669844096
13276211,55,12-01-2022,-139,6612,1669930680,1669930680,23,Eastbound W 16 Ave @ Carnarvon St,49.257583,-123.17185,1669930541,-139,1669930541
13276246,55,12-01-2022,-157,6612,1669952220,1669952220,23,Eastbound W 16 Ave @ Carnarvon St,49.257583,-123.17185,1669952063,-157,1669952063
13276246,55,12-01-2022,-157,6612,1669952220,1669952220,23,Eastbound W 16 Ave @ Carnarvon St,49.257583,-123.17185,1669952063,-157,1669952063
13276246,55,12-01-2022,-157,6612,1669952220,1669952220,23,Eastbound W 16 Ave @ Carnarvon St,49.257583,-123.17185,1669952063,-157,1669952063
13276225,114,11-30-2022,-166,6612,1669850799,1669850799,19,Westbound W 16 Ave @ Macdonald St,49.257816,-123.168896,1669850633,-166,1669850633
13276246,55,11-25-2022,-120,6612,1669433820,1669433820,23,Eastbound W 16 Ave @ Carnarvon St,49.257583,-123.17185,1669433700,-120,1669433700
13276246,55,11-25-2022,-120,6612,1669433820,1669433820,23,Eastbound W 16 Ave @ Carnarvon St,49.257583,-123.17185,1669433700,-120,1669433700
13276211,55,12-05-2022,-117,6612,1670276280,1670276280,23,Eastbound W 16 Ave @ Carnarvon St,49.257583,-123.17185,1670276163,-117,1670276163
13276211,55,12-05-2022,-117,6612,1670276280,1670276280,23,Eastbound W 16 Ave @ Carnarvon St,49.257583,-123.17185,1670276163,-117,1670276163
13276211,55,12-05-2022,-117,6612,1670276280,1670276280,23,Eastbound W 16 Ave @ Carnarvon St,49.257583,-123.17185,1670276163,-117,1670276163
13276211,55,12-05-2022,-117,6612,1670276280,1670276280,23,Eastbound W 16 Ave @ Carnarvon St,49.257583,-123.17185,1670276163,-117,1670276163
13276211,55,11-29-2022,-133,6612,1669757880,1669757880,23,Eastbound W 16 Ave @ Carnarvon St,49.257583,-123.17185,1669757747,-133,1669757747
13276235,106,11-22-2022,-3919,6612,1669175197,1669175197,12,Westbound Cornwall Ave @ Trafalgar St,49.272799,-123.164636,1669171278,-3919,1669171278
13276235,106,11-28-2022,-117,6612,1669693597,1669693597,12,Westbound Cornwall Ave @ Trafalgar St,49.272799,-123.164636,1669693480,-117,1669693480
13276122,646,12-01-2022,-150,6612,1669906080,1669906080,31,Dunbar Loop @ Bay 2,49.234593,-123.18575,1669905930,-150,1669905930
13276225,114,11-23-2022,-116,6612,1669245999,1669245999,19,Westbound W 16 Ave @ Macdonald St,49.257816,-123.168896,1669245883,-116,1669245883
13276657,119,12-04-2022,-131,6612,1670227113,1670227113,20,Southbound Macdonald St @ W 21 Ave,49.253375,-123.16787,1670226982,-131,1670226982
13276122,646,12-07-2022,-134,6612,1670424480,1670424480,31,Dunbar Loop @ Bay 2,49.234593,-123.18575,1670424346,-134,1670424346
13276122,646,11-30-2022,-136,6612,1669819680,1669819680,31,Dunbar Loop @ Bay 2,49.234593,-123.18575,1669819544,-136,1669819544
13276235,106,11-23-2022,-136,6612,1669261597,1669261597,12,Westbound Cornwall Ave @ Trafalgar St,49.272799,-123.164636,1669261461,-136,1669261461
13276217,106,11-30-2022,-186,6612,1669855467,1669855467,12,Westbound Cornwall Ave @ Trafalgar St,49.272799,-123.164636,1669855281,-186,1669855281
13276217,106,11-30-2022,-186,6612,1669855467,1669855467,12,Westbound Cornwall Ave @ Trafalgar St,49.272799,-123.164636,1669855281,-186,1669855281
13276128,105,12-02-2022,-115,6612,1669996985,1669996985,11,Westbound Cornwall Ave @ Point Grey Rd,49.272731,-123.160216,1669996870,-115,1669996870
13276246,55,12-02-2022,-115,6612,1670038620,1670038620,23,Eastbound W 16 Ave @ Carnarvon St,49.257583,-123.17185,1670038505,-115,1670038505
13276230,126,11-22-2022,-3159,6612,1669179197,1669179197,24,Southbound Mackenzie St @ W 29 Ave,49.245848,-123.170308,1669176038,-3159,1669176038
13276230,126,11-22-2022,-3159,6612,1669179197,1669179197,24,Southbound Mackenzie St @ W 29 Ave,49.245848,-123.170308,1669176038,-3159,1669176038
13276215,54,12-05-2022,-179,6612,1670286588,1670286588,22,Eastbound W 16 Ave @ Trutch St,49.257636,-123.175459,1670286409,-179,1670286409
13276158,55,12-02-2022,-115,6612,1670030460,1670030460,23,Eastbound W 16 Ave @ Carnarvon St,49.257583,-123.17185,1670030345,-115,1670030345
13276215,54,12-06-2022,-166,6612,1670372988,1670372988,22,Eastbound W 16 Ave @ Trutch St,49.257636,-123.175459,1670372822,-166,1670372822
13276215,54,11-28-2022,-147,6612,1669681788,1669681788,22,Eastbound W 16 Ave @ Trutch St,49.257636,-123.175459,1669681641,-147,1669681641
13276158,55,11-29-2022,-115,6612,1669771260,1669771260,23,Eastbound W 16 Ave @ Carnarvon St,49.257583,-123.17185,1669771145,-115,1669771145
13276377,128,12-04-2022,-130,6612,1670141844,1670141844,25,Southbound Mackenzie St @ W 33 Ave,49.241997,-123.170345,1670141714,-130,1670141714
13276158,55,11-30-2022,-142,6612,1669857660,1669857660,23,Eastbound W 16 Ave @ Carnarvon St,49.257583,-123.17185,1669857518,-142,1669857518
13276215,54,11-29-2022,-117,6612,1669768188,1669768188,22,Eastbound W 16 Ave @ Trutch St,49.257636,-123.175459,1669768071,-117,1669768071
13276215,54,11-23-2022,-139,6612,1669249788,1669249788,22,Eastbound W 16 Ave @ Trutch St,49.257636,-123.175459,1669249649,-139,1669249649
13276158,55,11-23-2022,-115,6612,1669252860,1669252860,23,Eastbound W 16 Ave @ Carnarvon St,49.257583,-123.17185,1669252745,-115,1669252745
13276215,54,11-24-2022,-195,6612,1669336188,1669336188,22,Eastbound W 16 Ave @ Trutch St,49.257636,-123.175459,1669335993,-195,1669335993
13276220,121,12-02-2022,-133,6612,1670031223,1670031223,21,Southbound Macdonald St @ Alamein Ave,49.249858,-123.167913,1670031090,-133,1670031090
13276158,55,11-25-2022,-114,6612,1669425660,1669425660,23,Eastbound W 16 Ave @ Carnarvon St,49.257583,-123.17185,1669425546,-114,1669425546
13276172,106,11-28-2022,-125,6612,1669657732,1669657732,12,Westbound Cornwall Ave @ Trafalgar St,49.272799,-123.164636,1669657607,-125,1669657607
13276116,114,12-07-2022,-144,6612,1670428845,1670428845,19,Westbound W 16 Ave @ Macdonald St,49.257816,-123.168896,1670428701,-144,1670428701
13339271,130,11-26-2022,-127,6612,1669518867,1669518867,26,Southbound Mackenzie St @ W 37 Ave,49.238254,-123.170377,1669518740,-127,1669518740
13276168,296,11-28-2022,-142,6612,1669693756,1669693756,27,Westbound W 41 Ave @ Mackenzie St,49.234819,-123.170795,1669693614,-142,1669693614
13276168,296,11-30-2022,-117,6612,1669866556,1669866556,27,Westbound W 41 Ave @ Mackenzie St,49.234819,-123.170795,1669866439,-117,1669866439
13276116,114,11-28-2022,-133,6612,1669651245,1669651245,19,Westbound W 16 Ave @ Macdonald St,49.257816,-123.168896,1669651112,-133,1669651112
13276168,296,11-25-2022,-121,6612,1669434556,1669434556,27,Westbound W 41 Ave @ Mackenzie St,49.234819,-123.170795,1669434435,-121,1669434435
13339254,300,11-26-2022,-200,6612,1669498725,1669498725,30,Westbound W 41 Ave @ Collingwood St,49.234836,-123.182546,1669498525,-200,1669498525
13276382,130,12-04-2022,-143,6612,1670147309,1670147309,26,Southbound Mackenzie St @ W 37 Ave,49.238254,-123.170377,1670147166,-143,1670147166
13276116,114,11-25-2022,-137,6612,1669392045,1669392045,19,Westbound W 16 Ave @ Macdonald St,49.257816,-123.168896,1669391908,-137,1669391908
13276127,105,12-02-2022,-4178,6612,1669996085,1669996085,11,Westbound Cornwall Ave @ Point Grey Rd,49.272731,-123.160216,1669991907,-4178,1669991907
13276115,110,11-23-2022,-168,6612,1669243607,1669243607,16,Southbound Macdonald St @ W Broadway,49.264268,-123.168373,1669243439,-168,1669243439
13276196,110,11-28-2022,-146,6612,1669656111,1669656111,16,Southbound Macdonald St @ W Broadway,49.264268,-123.168373,1669655965,-146,1669655965
13276142,300,11-29-2022,-291,6612,1669714197,1669714197,30,Westbound W 41 Ave @ Collingwood St,49.234836,-123.182546,1669713906,-291,1669713906
13276168,296,11-22-2022,-149,6612,1669175356,1669175356,27,Westbound W 41 Ave @ Mackenzie St,49.234819,-123.170795,1669175207,-149,1669175207
13276168,296,12-06-2022,-154,6612,1670384956,1670384956,27,Westbound W 41 Ave @ Mackenzie St,49.234819,-123.170795,1670384802,-154,1670384802
13276142,300,12-06-2022,-273,6612,1670318997,1670318997,30,Westbound W 41 Ave @ Collingwood St,49.234836,-123.182546,1670318724,-273,1670318724
13276171,115,12-05-2022,-116,6612,1670262009,1670262009,20,Westbound W 16 Ave @ Mackenzie St,49.257839,-123.170777,1670261893,-116,1670261893
13276171,115,11-28-2022,-137,6612,1669657209,1669657209,20,Westbound W 16 Ave @ Mackenzie St,49.257839,-123.170777,1669657072,-137,1669657072
13276170,54,11-30-2022,-151,6612,1669847451,1669847451,22,Eastbound W 16 Ave @ Trutch St,49.257636,-123.175459,1669847300,-151,1669847300
13276170,54,11-30-2022,-151,6612,1669847451,1669847451,22,Eastbound W 16 Ave @ Trutch St,49.257636,-123.175459,1669847300,-151,1669847300
13276230,111,11-22-2022,-3146,6612,1669178814,1669178814,17,Southbound Macdonald St @ W 11 Ave,49.261885,-123.16835,1669175668,-3146,1669175668
13276193,646,11-28-2022,-130,6612,1669682640,1669682640,31,Dunbar Loop @ Bay 2,49.234593,-123.18575,1669682510,-130,1669682510
13276142,646,11-29-2022,-291,6612,1669714260,1669714260,31,Dunbar Loop @ Bay 2,49.234593,-123.18575,1669713969,-291,1669713969
13276171,115,12-02-2022,-149,6612,1670002809,1670002809,20,Westbound W 16 Ave @ Mackenzie St,49.257839,-123.170777,1670002660,-149,1670002660
13276137,8535,11-29-2022,-274,6612,1669760141,1669760141,2,Burrard Station @ Bay 1,49.285306,-123.119982,1669759867,-274,1669759867
13276171,115,12-07-2022,-157,6612,1670434809,1670434809,20,Westbound W 16 Ave @ Mackenzie St,49.257839,-123.170777,1670434652,-157,1670434652
13276136,130,12-06-2022,-148,6612,1670365707,1670365707,26,Southbound Mackenzie St @ W 37 Ave,49.238254,-123.170377,1670365559,-148,1670365559
13276170,54,11-24-2022,-161,6612,1669329051,1669329051,22,Eastbound W 16 Ave @ Trutch St,49.257636,-123.175459,1669328890,-161,1669328890
13276191,109,11-25-2022,-464,6612,1669439738,1669439738,15,Southbound Macdonald St @ W 6th Ave,49.266274,-123.168483,1669439274,-464,1669439274
13276191,109,11-25-2022,-464,6612,1669439738,1669439738,15,Southbound Macdonald St @ W 6th Ave,49.266274,-123.168483,1669439274,-464,1669439274
13276232,1379,11-23-2022,-3514,6612,1669266307,1669266307,14,Southbound Macdonald St @ W 4th Ave,49.268064,-123.168411,1669262793,-3514,1669262793
13276142,646,12-06-2022,-273,6612,1670319060,1670319060,31,Dunbar Loop @ Bay 2,49.234593,-123.18575,1670318787,-273,1670318787
13276171,115,11-24-2022,-190,6612,1669311609,1669311609,20,Westbound W 16 Ave @ Mackenzie St,49.257839,-123.170777,1669311419,-190,1669311419
13276143,128,12-06-2022,-167,6612,1670320535,1670320535,25,Southbound Mackenzie St @ W 33 Ave,49.241997,-123.170345,1670320368,-167,1670320368
13276136,130,11-30-2022,-119,6612,1669847307,1669847307,26,Southbound Mackenzie St @ W 37 Ave,49.238254,-123.170377,1669847188,-119,1669847188
13276170,54,12-02-2022,-321,6612,1670020251,1670020251,22,Eastbound W 16 Ave @ Trutch St,49.257636,-123.175459,1670019930,-321,1670019930
13276143,128,11-29-2022,-162,6612,1669715735,1669715735,25,Southbound Mackenzie St @ W 33 Ave,49.241997,-123.170345,1669715573,-162,1669715573
13276171,115,12-06-2022,-135,6612,1670348409,1670348409,20,Westbound W 16 Ave @ Mackenzie St,49.257839,-123.170777,1670348274,-135,1670348274
13276171,115,11-29-2022,-117,6612,1669743609,1669743609,20,Westbound W 16 Ave @ Mackenzie St,49.257839,-123.170777,1669743492,-117,1669743492
13276136,130,12-01-2022,-157,6612,1669933707,1669933707,26,Southbound Mackenzie St @ W 37 Ave,49.238254,-123.170377,1669933550,-157,1669933550
13276119,116,11-23-2022,-115,6612,1669222991,1669222991,21,Westbound W 16 Ave @ Balaclava St,49.257904,-123.17458,1669222876,-115,1669222876
13276119,116,12-05-2022,-147,6612,1670259791,1670259791,21,Westbound W 16 Ave @ Balaclava St,49.257904,-123.17458,1670259644,-147,1670259644
13276119,116,11-24-2022,-134,6612,1669309391,1669309391,21,Westbound W 16 Ave @ Balaclava St,49.257904,-123.17458,1669309257,-134,1669309257
13276197,128,12-05-2022,-314,6612,1670264809,1670264809,25,Southbound Mackenzie St @ W 33 Ave,49.241997,-123.170345,1670264495,-314,1670264495
13276211,114,11-24-2022,-299,6612,1669325679,1669325679,19,Westbound W 16 Ave @ Macdonald St,49.257816,-123.168896,1669325380,-299,1669325380
13276211,114,11-24-2022,-299,6612,1669325679,1669325679,19,Westbound W 16 Ave @ Macdonald St,49.257816,-123.168896,1669325380,-299,1669325380
13276119,116,11-30-2022,-116,6612,1669827791,1669827791,21,Westbound W 16 Ave @ Balaclava St,49.257904,-123.17458,1669827675,-116,1669827675
13339269,299,11-26-2022,-128,6612,1669516674,1669516674,29,Westbound W 41 Ave @ Blenheim St,49.234831,-123.179103,1669516546,-128,1669516546
13276119,116,12-01-2022,-131,6612,1669914191,1669914191,21,Westbound W 16 Ave @ Balaclava St,49.257904,-123.17458,1669914060,-131,1669914060
13276211,114,11-30-2022,-136,6612,1669844079,1669844079,19,Westbound W 16 Ave @ Macdonald St,49.257816,-123.168896,1669843943,-136,1669843943
13276211,114,12-06-2022,-168,6612,1670362479,1670362479,19,Westbound W 16 Ave @ Macdonald St,49.257816,-123.168896,1670362311,-168,1670362311
13276121,128,11-29-2022,-164,6612,1669731744,1669731744,25,Southbound Mackenzie St @ W 33 Ave,49.241997,-123.170345,1669731580,-164,1669731580
13276659,128,11-28-2022,-113,6612,1669627261,1669627261,25,Southbound Mackenzie St @ W 33 Ave,49.241997,-123.170345,1669627148,-113,1669627148
13276121,296,11-25-2022,-123,6612,1669386277,1669386277,27,Westbound W 41 Ave @ Mackenzie St,49.234819,-123.170795,1669386154,-123,1669386154
13276211,114,12-01-2022,-141,6612,1669930479,1669930479,19,Westbound W 16 Ave @ Macdonald St,49.257816,-123.168896,1669930338,-141,1669930338
13276211,114,11-29-2022,-194,6612,1669757679,1669757679,19,Westbound W 16 Ave @ Macdonald St,49.257816,-123.168896,1669757485,-194,1669757485
13276161,45,12-06-2022,-1226,6612,1670361890,1670361890,3,Southbound Burrard St @ Robson St,49.283087,-123.123336,1670360664,-1226,1670360664
13276161,45,12-06-2022,-1226,6612,1670361890,1670361890,3,Southbound Burrard St @ Robson St,49.283087,-123.123336,1670360664,-1226,1670360664
13276230,1379,11-22-2022,-3217,6612,1669178707,1669178707,14,Southbound Macdonald St @ W 4th Ave,49.268064,-123.168411,1669175490,-3217,1669175490
13276225,115,11-23-2022,-124,6612,1669246029,1669246029,20,Westbound W 16 Ave @ Mackenzie St,49.257839,-123.170777,1669245905,-124,1669245905
13276121,296,11-29-2022,-210,6612,1669731877,1669731877,27,Westbound W 41 Ave @ Mackenzie St,49.234819,-123.170795,1669731667,-210,1669731667
13276225,115,11-30-2022,-174,6612,1669850829,1669850829,20,Westbound W 16 Ave @ Mackenzie St,49.257839,-123.170777,1669850655,-174,1669850655
13276659,128,12-05-2022,-115,6612,1670232061,1670232061,25,Southbound Mackenzie St @ W 33 Ave,49.241997,-123.170345,1670231946,-115,1670231946
13276119,116,11-25-2022,-127,6612,1669395791,1669395791,21,Westbound W 16 Ave @ Balaclava St,49.257904,-123.17458,1669395664,-127,1669395664
13276187,130,12-08-2022,-148,6612,1670550735,1670550735,26,Southbound Mackenzie St @ W 37 Ave,49.238254,-123.170377,1670550587,-148,1670550587
13276363,115,12-03-2022,-133,6612,1670101034,1670101034,20,Westbound W 16 Ave @ Mackenzie St,49.257839,-123.170777,1670100901,-133,1670100901
13276119,116,11-28-2022,-173,6612,1669654991,1669654991,21,Westbound W 16 Ave @ Balaclava St,49.257904,-123.17458,1669654818,-173,1669654818
13276119,116,11-28-2022,-173,6612,1669654991,1669654991,21,Westbound W 16 Ave @ Balaclava St,49.257904,-123.17458,1669654818,-173,1669654818
13276119,116,11-28-2022,-173,6612,1669654991,1669654991,21,Westbound W 16 Ave @ Balaclava St,49.257904,-123.17458,1669654818,-173,1669654818
13276119,116,12-07-2022,-128,6612,1670432591,1670432591,21,Westbound W 16 Ave @ Balaclava St,49.257904,-123.17458,1670432463,-128,1670432463
13276119,116,12-02-2022,-112,6612,1670000591,1670000591,21,Westbound W 16 Ave @ Balaclava St,49.257904,-123.17458,1670000479,-112,1670000479
13276146,112,11-30-2022,-132,6612,1669858901,1669858901,18,Southbound Macdonald St @ W 13 Ave,49.260226,-123.168421,1669858769,-132,1669858769
13276146,112,11-25-2022,-141,6612,1669426901,1669426901,18,Southbound Macdonald St @ W 13 Ave,49.260226,-123.168421,1669426760,-141,1669426760
13276146,112,12-06-2022,-152,6612,1670377301,1670377301,18,Southbound Macdonald St @ W 13 Ave,49.260226,-123.168421,1670377149,-152,1670377149
13276413,646,11-26-2022,-121,6612,1669483320,1669483320,31,Dunbar Loop @ Bay 2,49.234593,-123.18575,1669483199,-121,1669483199
13276146,112,11-23-2022,-122,6612,1669254101,1669254101,18,Southbound Macdonald St @ W 13 Ave,49.260226,-123.168421,1669253979,-122,1669253979
13276230,101,11-22-2022,-3252,6612,1669178410,1669178410,8,Westbound Cornwall Ave @ Cypress St,49.272539,-123.148302,1669175158,-3252,1669175158
13276154,54,11-28-2022,-172,6612,1669653831,1669653831,22,Eastbound W 16 Ave @ Trutch St,49.257636,-123.175459,1669653659,-172,1669653659
13276205,646,11-28-2022,-112,6612,1669667760,1669667760,31,Dunbar Loop @ Bay 2,49.234593,-123.18575,1669667648,-112,1669667648
13276146,112,12-05-2022,-168,6612,1670290901,1670290901,18,Southbound Macdonald St @ W 13 Ave,49.260226,-123.168421,1670290733,-168,1670290733
13276146,112,12-08-2022,-143,6612,1670550101,1670550101,18,Southbound Macdonald St @ W 13 Ave,49.260226,-123.168421,1670549958,-143,1670549958
13276154,54,12-02-2022,-115,6612,1669999431,1669999431,22,Eastbound W 16 Ave @ Trutch St,49.257636,-123.175459,1669999316,-115,1669999316
13276154,54,11-24-2022,-137,6612,1669308231,1669308231,22,Eastbound W 16 Ave @ Trutch St,49.257636,-123.175459,1669308094,-137,1669308094
13276205,646,11-30-2022,-187,6612,1669840560,1669840560,31,Dunbar Loop @ Bay 2,49.234593,-123.18575,1669840373,-187,1669840373
13276205,646,11-24-2022,-143,6612,1669322160,1669322160,31,Dunbar Loop @ Bay 2,49.234593,-123.18575,1669322017,-143,1669322017
13276215,45,12-06-2022,-167,6612,1670371637,1670371637,3,Southbound Burrard St @ Robson St,49.283087,-123.123336,1670371470,-167,1670371470
13276205,646,12-05-2022,-141,6612,1670272560,1670272560,31,Dunbar Loop @ Bay 2,49.234593,-123.18575,1670272419,-141,1670272419
13276146,112,11-29-2022,-119,6612,1669772501,1669772501,18,Southbound Macdonald St @ W 13 Ave,49.260226,-123.168421,1669772382,-119,1669772382
13276146,112,11-28-2022,-144,6612,1669686101,1669686101,18,Southbound Macdonald St @ W 13 Ave,49.260226,-123.168421,1669685957,-144,1669685957
13276154,54,11-25-2022,-127,6612,1669394631,1669394631,22,Eastbound W 16 Ave @ Trutch St,49.257636,-123.175459,1669394504,-127,1669394504
13276146,112,12-02-2022,-123,6612,1670031701,1670031701,18,Southbound Macdonald St @ W 13 Ave,49.260226,-123.168421,1670031578,-123,1670031578
13276154,54,11-23-2022,-150,6612,1669221831,1669221831,22,Eastbound W 16 Ave @ Trutch St,49.257636,-123.175459,1669221681,-150,1669221681
13276154,54,11-29-2022,-123,6612,1669740231,1669740231,22,Eastbound W 16 Ave @ Trutch St,49.257636,-123.175459,1669740108,-123,1669740108
13276205,646,12-06-2022,-135,6612,1670358960,1670358960,31,Dunbar Loop @ Bay 2,49.234593,-123.18575,1670358825,-135,1670358825
13276146,112,11-24-2022,-116,6612,1669340501,1669340501,18,Southbound Macdonald St @ W 13 Ave,49.260226,-123.168421,1669340385,-116,1669340385
13276205,646,11-23-2022,-112,6612,1669235760,1669235760,31,Dunbar Loop @ Bay 2,49.234593,-123.18575,1669235648,-112,1669235648
13276221,111,11-29-2022,-126,6612,1669773172,1669773172,17,Southbound Macdonald St @ W 11 Ave,49.261885,-123.16835,1669773046,-126,1669773046
13276180,54,11-23-2022,-168,6612,1669241751,1669241751,22,Eastbound W 16 Ave @ Trutch St,49.257636,-123.175459,1669241583,-168,1669241583
13276180,54,12-07-2022,-131,6612,1670451351,1670451351,22,Eastbound W 16 Ave @ Trutch St,49.257636,-123.175459,1670451220,-131,1670451220
13276180,54,11-24-2022,-122,6612,1669328151,1669328151,22,Eastbound W 16 Ave @ Trutch St,49.257636,-123.175459,1669328029,-122,1669328029
13276180,54,11-30-2022,-153,6612,1669846551,1669846551,22,Eastbound W 16 Ave @ Trutch St,49.257636,-123.175459,1669846398,-153,1669846398
13276198,54,12-07-2022,-150,6612,1670438211,1670438211,22,Eastbound W 16 Ave @ Trutch St,49.257636,-123.175459,1670438061,-150,1670438061
13276198,54,11-25-2022,-117,6612,1669401411,1669401411,22,Eastbound W 16 Ave @ Trutch St,49.257636,-123.175459,1669401294,-117,1669401294
13339278,12671,12-04-2022,-135,6612,1670146216,1670146216,28,Westbound W 41 Ave @ Carnarvon St,49.234826,-123.174148,1670146081,-135,1670146081
13276180,54,11-28-2022,-139,6612,1669673751,1669673751,22,Eastbound W 16 Ave @ Trutch St,49.257636,-123.175459,1669673612,-139,1669673612
13276198,54,11-24-2022,-130,6612,1669315011,1669315011,22,Eastbound W 16 Ave @ Trutch St,49.257636,-123.175459,1669314881,-130,1669314881
13276234,107,11-22-2022,-310,6612,1669173015,1669173015,13,Southbound Macdonald St @ W 1st Ave,49.270753,-123.168323,1669172705,-310,1669172705
13276221,111,11-30-2022,-120,6612,1669859572,1669859572,17,Southbound Macdonald St @ W 11 Ave,49.261885,-123.16835,1669859452,-120,1669859452
13276234,107,11-23-2022,-141,6612,1669259415,1669259415,13,Southbound Macdonald St @ W 1st Ave,49.270753,-123.168323,1669259274,-141,1669259274
13276198,54,12-08-2022,-135,6612,1670524611,1670524611,22,Eastbound W 16 Ave @ Trutch St,49.257636,-123.175459,1670524476,-135,1670524476
13276198,54,11-29-2022,-112,6612,1669747011,1669747011,22,Eastbound W 16 Ave @ Trutch St,49.257636,-123.175459,1669746899,-112,1669746899
13276198,54,12-05-2022,-151,6612,1670265411,1670265411,22,Eastbound W 16 Ave @ Trutch St,49.257636,-123.175459,1670265260,-151,1670265260
13276198,54,12-02-2022,-142,6612,1670006211,1670006211,22,Eastbound W 16 Ave @ Trutch St,49.257636,-123.175459,1670006069,-142,1670006069
13339359,128,11-27-2022,-131,6612,1669606813,1669606813,25,Southbound Mackenzie St @ W 33 Ave,49.241997,-123.170345,1669606682,-131,1669606682
13276234,107,12-01-2022,-114,6612,1669950615,1669950615,13,Southbound Macdonald St @ W 1st Ave,49.270753,-123.168323,1669950501,-114,1669950501
13276198,54,11-23-2022,-122,6612,1669228611,1669228611,22,Eastbound W 16 Ave @ Trutch St,49.257636,-123.175459,1669228489,-122,1669228489
13276221,111,12-02-2022,-135,6612,1670032372,1670032372,17,Southbound Macdonald St @ W 11 Ave,49.261885,-123.16835,1670032237,-135,1670032237
13339278,300,11-27-2022,-136,6612,1669541514,1669541514,30,Westbound W 41 Ave @ Collingwood St,49.234836,-123.182546,1669541378,-136,1669541378
13276234,107,12-07-2022,-378,6612,1670469015,1670469015,13,Southbound Macdonald St @ W 1st Ave,49.270753,-123.168323,1670468637,-378,1670468637
13339359,128,12-04-2022,-112,6612,1670211613,1670211613,25,Southbound Mackenzie St @ W 33 Ave,49.241997,-123.170345,1670211501,-112,1670211501
13276180,54,12-06-2022,-121,6612,1670364951,1670364951,22,Eastbound W 16 Ave @ Trutch St,49.257636,-123.175459,1670364830,-121,1670364830
13339278,12671,11-27-2022,-119,6612,1669541416,1669541416,28,Westbound W 41 Ave @ Carnarvon St,49.234826,-123.174148,1669541297,-119,1669541297
13339278,300,12-04-2022,-175,6612,1670146314,1670146314,30,Westbound W 41 Ave @ Collingwood St,49.234836,-123.182546,1670146139,-175,1670146139
13339238,116,12-03-2022,-134,6612,1670109494,1670109494,21,Westbound W 16 Ave @ Balaclava St,49.257904,-123.17458,1670109360,-134,1670109360
13276221,111,12-06-2022,-114,6612,1670377972,1670377972,17,Southbound Macdonald St @ W 11 Ave,49.261885,-123.16835,1670377858,-114,1670377858
13276168,646,12-06-2022,-206,6612,1670385180,1670385180,31,Dunbar Loop @ Bay 2,49.234593,-123.18575,1670384974,-206,1670384974
13276157,300,11-25-2022,-146,6612,1669405908,1669405908,30,Westbound W 41 Ave @ Collingwood St,49.234836,-123.182546,1669405762,-146,1669405762
13276168,646,11-28-2022,-198,6612,1669693980,1669693980,31,Dunbar Loop @ Bay 2,49.234593,-123.18575,1669693782,-198,1669693782
13276612,126,11-27-2022,-128,6612,1669610239,1669610239,24,Southbound Mackenzie St @ W 29 Ave,49.245848,-123.170308,1669610111,-128,1669610111
13276229,115,11-25-2022,-131,6612,1669430816,1669430816,20,Westbound W 16 Ave @ Mackenzie St,49.257839,-123.170777,1669430685,-131,1669430685
13276168,646,11-30-2022,-112,6612,1669866780,1669866780,31,Dunbar Loop @ Bay 2,49.234593,-123.18575,1669866668,-112,1669866668
13276168,646,11-25-2022,-161,6612,1669434780,1669434780,31,Dunbar Loop @ Bay 2,49.234593,-123.18575,1669434619,-161,1669434619
13276168,646,11-24-2022,-153,6612,1669348380,1669348380,31,Dunbar Loop @ Bay 2,49.234593,-123.18575,1669348227,-153,1669348227
13276127,47,12-02-2022,-4007,6612,1669995492,1669995492,5,Southbound Burrard St @ Nelson St,49.280981,-123.126516,1669991485,-4007,1669991485
13276127,47,12-02-2022,-4007,6612,1669995492,1669995492,5,Southbound Burrard St @ Nelson St,49.280981,-123.126516,1669991485,-4007,1669991485
13276188,113,11-30-2022,-1757,6612,1669826819,1669826819,19,Southbound Macdonald St @ W 16 Ave,49.257315,-123.168496,1669825062,-1757,1669825062
13276188,113,11-30-2022,-1757,6612,1669826819,1669826819,19,Southbound Macdonald St @ W 16 Ave,49.257315,-123.168496,1669825062,-1757,1669825062
13276188,113,11-30-2022,-1757,6612,1669826819,1669826819,19,Southbound Macdonald St @ W 16 Ave,49.257315,-123.168496,1669825062,-1757,1669825062
13276188,113,11-30-2022,-1757,6612,1669826819,1669826819,19,Southbound Macdonald St @ W 16 Ave,49.257315,-123.168496,1669825062,-1757,1669825062
13276188,113,11-30-2022,-1757,6612,1669826819,1669826819,19,Southbound Macdonald St @ W 16 Ave,49.257315,-123.168496,1669825062,-1757,1669825062
13276188,113,11-30-2022,-1757,6612,1669826819,1669826819,19,Southbound Macdonald St @ W 16 Ave,49.257315,-123.168496,1669825062,-1757,1669825062
13276188,113,11-30-2022,-1757,6612,1669826819,1669826819,19,Southbound Macdonald St @ W 16 Ave,49.257315,-123.168496,1669825062,-1757,1669825062
13276233,1379,12-05-2022,-133,6612,1670295320,1670295320,14,Southbound Macdonald St @ W 4th Ave,49.268064,-123.168411,1670295187,-133,1670295187
13276599,115,12-04-2022,-111,6612,1670182814,1670182814,20,Westbound W 16 Ave @ Mackenzie St,49.257839,-123.170777,1670182703,-111,1670182703
13276645,299,11-27-2022,-193,6612,1669583823,1669583823,29,Westbound W 41 Ave @ Blenheim St,49.234831,-123.179103,1669583630,-193,1669583630
13276229,115,11-29-2022,-163,6612,1669776416,1669776416,20,Westbound W 16 Ave @ Mackenzie St,49.257839,-123.170777,1669776253,-163,1669776253
13276168,646,11-22-2022,-161,6612,1669175580,1669175580,31,Dunbar Loop @ Bay 2,49.234593,-123.18575,1669175419,-161,1669175419
13276612,126,12-04-2022,-125,6612,1670215039,1670215039,24,Southbound Mackenzie St @ W 29 Ave,49.245848,-123.170308,1670214914,-125,1670214914
13276599,115,11-27-2022,-127,6612,1669578014,1669578014,20,Westbound W 16 Ave @ Mackenzie St,49.257839,-123.170777,1669577887,-127,1669577887
13276229,115,11-30-2022,-120,6612,1669862816,1669862816,20,Westbound W 16 Ave @ Mackenzie St,49.257839,-123.170777,1669862696,-120,1669862696
13276229,115,11-23-2022,-129,6612,1669258016,1669258016,20,Westbound W 16 Ave @ Mackenzie St,49.257839,-123.170777,1669257887,-129,1669257887
13276188,109,11-30-2022,-801,6612,1669826647,1669826647,15,Southbound Macdonald St @ W 6th Ave,49.266274,-123.168483,1669825846,-801,1669825846
13276188,109,11-30-2022,-801,6612,1669826647,1669826647,15,Southbound Macdonald St @ W 6th Ave,49.266274,-123.168483,1669825846,-801,1669825846
13276188,109,11-30-2022,-801,6612,1669826647,1669826647,15,Southbound Macdonald St @ W 6th Ave,49.266274,-123.168483,1669825846,-801,1669825846
13276188,109,11-30-2022,-801,6612,1669826647,1669826647,15,Southbound Macdonald St @ W 6th Ave,49.266274,-123.168483,1669825846,-801,1669825846
13276188,109,11-30-2022,-801,6612,1669826647,1669826647,15,Southbound Macdonald St @ W 6th Ave,49.266274,-123.168483,1669825846,-801,1669825846
13276188,109,11-30-2022,-801,6612,1669826647,1669826647,15,Southbound Macdonald St @ W 6th Ave,49.266274,-123.168483,1669825846,-801,1669825846
13276174,12671,12-05-2022,-122,6612,1670292341,1670292341,28,Westbound W 41 Ave @ Carnarvon St,49.234826,-123.174148,1670292219,-122,1670292219
13276122,296,11-24-2022,-125,6612,1669301077,1669301077,27,Westbound W 41 Ave @ Mackenzie St,49.234819,-123.170795,1669300952,-125,1669300952
13276220,126,12-02-2022,-169,6612,1670031444,1670031444,24,Southbound Mackenzie St @ W 29 Ave,49.245848,-123.170308,1670031275,-169,1670031275
13276599,54,12-04-2022,-125,6612,1670182913,1670182913,22,Eastbound W 16 Ave @ Trutch St,49.257636,-123.175459,1670182788,-125,1670182788
13276220,126,11-30-2022,-150,6612,1669858644,1669858644,24,Southbound Mackenzie St @ W 29 Ave,49.245848,-123.170308,1669858494,-150,1669858494
13276122,296,11-25-2022,-132,6612,1669387477,1669387477,27,Westbound W 41 Ave @ Mackenzie St,49.234819,-123.170795,1669387345,-132,1669387345
13276148,112,11-30-2022,-420,6612,1669855099,1669855099,18,Southbound Macdonald St @ W 13 Ave,49.260226,-123.168421,1669854679,-420,1669854679
13276148,112,11-25-2022,-116,6612,1669423099,1669423099,18,Southbound Macdonald St @ W 13 Ave,49.260226,-123.168421,1669422983,-116,1669422983
13276599,54,11-27-2022,-182,6612,1669578113,1669578113,22,Eastbound W 16 Ave @ Trutch St,49.257636,-123.175459,1669577931,-182,1669577931
13276213,646,12-02-2022,-149,6612,1670019420,1670019420,31,Dunbar Loop @ Bay 2,49.234593,-123.18575,1670019271,-149,1670019271
13276170,107,12-02-2022,-283,6612,1670019795,1670019795,13,Southbound Macdonald St @ W 1st Ave,49.270753,-123.168323,1670019512,-283,1670019512
13276186,1379,11-28-2022,-163,6612,1669675160,1669675160,14,Southbound Macdonald St @ W 4th Ave,49.268064,-123.168411,1669674997,-163,1669674997
13276378,111,12-04-2022,-115,6612,1670142408,1670142408,17,Southbound Macdonald St @ W 11 Ave,49.261885,-123.16835,1670142293,-115,1670142293
13276245,121,11-29-2022,-113,6612,1669792524,1669792524,21,Southbound Macdonald St @ Alamein Ave,49.249858,-123.167913,1669792411,-113,1669792411
13276170,107,11-24-2022,-125,6612,1669328595,1669328595,13,Southbound Macdonald St @ W 1st Ave,49.270753,-123.168323,1669328470,-125,1669328470
13276230,113,11-22-2022,-3131,6612,1669178893,1669178893,19,Southbound Macdonald St @ W 16 Ave,49.257315,-123.168496,1669175762,-3131,1669175762
13276229,109,11-29-2022,-135,6612,1669776151,1669776151,15,Southbound Macdonald St @ W 6th Ave,49.266274,-123.168483,1669776016,-135,1669776016
13276202,111,11-28-2022,-251,6612,1669663970,1669663970,17,Southbound Macdonald St @ W 11 Ave,49.261885,-123.16835,1669663719,-251,1669663719
13276599,112,12-04-2022,-122,6612,1670182720,1670182720,18,Southbound Macdonald St @ W 13 Ave,49.260226,-123.168421,1670182598,-122,1670182598
13276176,123,11-23-2022,-254,6612,1669247925,1669247925,22,Westbound W King Edward Ave @ Puget Dr,49.249627,-123.170432,1669247671,-254,1669247671
13276188,105,11-30-2022,-786,6612,1669826438,1669826438,11,Westbound Cornwall Ave @ Point Grey Rd,49.272731,-123.160216,1669825652,-786,1669825652
13276188,105,11-30-2022,-786,6612,1669826438,1669826438,11,Westbound Cornwall Ave @ Point Grey Rd,49.272731,-123.160216,1669825652,-786,1669825652
13276188,105,11-30-2022,-786,6612,1669826438,1669826438,11,Westbound Cornwall Ave @ Point Grey Rd,49.272731,-123.160216,1669825652,-786,1669825652
13276202,111,12-06-2022,-146,6612,1670355170,1670355170,17,Southbound Macdonald St @ W 11 Ave,49.261885,-123.16835,1670355024,-146,1670355024
13276202,111,11-24-2022,-120,6612,1669318370,1669318370,17,Southbound Macdonald St @ W 11 Ave,49.261885,-123.16835,1669318250,-120,1669318250
13276170,107,11-30-2022,-113,6612,1669846995,1669846995,13,Southbound Macdonald St @ W 1st Ave,49.270753,-123.168323,1669846882,-113,1669846882
13276229,109,11-30-2022,-124,6612,1669862551,1669862551,15,Southbound Macdonald St @ W 6th Ave,49.266274,-123.168483,1669862427,-124,1669862427
13276599,112,11-27-2022,-127,6612,1669577920,1669577920,18,Southbound Macdonald St @ W 13 Ave,49.260226,-123.168421,1669577793,-127,1669577793
13276149,300,11-25-2022,-135,6612,1669397928,1669397928,30,Westbound W 41 Ave @ Collingwood St,49.234836,-123.182546,1669397793,-135,1669397793
13276143,130,11-29-2022,-191,6612,1669715798,1669715798,26,Southbound Mackenzie St @ W 37 Ave,49.238254,-123.170377,1669715607,-191,1669715607
13276214,12671,11-30-2022,-134,6612,1669854523,1669854523,28,Westbound W 41 Ave @ Carnarvon St,49.234826,-123.174148,1669854389,-134,1669854389
13276194,121,12-02-2022,-150,6612,1670024765,1670024765,21,Southbound Macdonald St @ Alamein Ave,49.249858,-123.167913,1670024615,-150,1670024615
13276149,300,12-02-2022,-121,6612,1670002728,1670002728,30,Westbound W 41 Ave @ Collingwood St,49.234836,-123.182546,1670002607,-121,1670002607
13276149,300,12-02-2022,-121,6612,1670002728,1670002728,30,Westbound W 41 Ave @ Collingwood St,49.234836,-123.182546,1670002607,-121,1670002607
13276149,300,12-02-2022,-121,6612,1670002728,1670002728,30,Westbound W 41 Ave @ Collingwood St,49.234836,-123.182546,1670002607,-121,1670002607
13276116,116,11-23-2022,-113,6612,1669219334,1669219334,21,Westbound W 16 Ave @ Balaclava St,49.257904,-123.17458,1669219221,-113,1669219221
13276149,300,11-23-2022,-149,6612,1669225128,1669225128,30,Westbound W 41 Ave @ Collingwood St,49.234836,-123.182546,1669224979,-149,1669224979
13276127,111,11-25-2022,-149,6612,1669391641,1669391641,17,Southbound Macdonald St @ W 11 Ave,49.261885,-123.16835,1669391492,-149,1669391492
13276116,116,11-29-2022,-129,6612,1669737734,1669737734,21,Westbound W 16 Ave @ Balaclava St,49.257904,-123.17458,1669737605,-129,1669737605
13276143,130,12-06-2022,-194,6612,1670320598,1670320598,26,Southbound Mackenzie St @ W 37 Ave,49.238254,-123.170377,1670320404,-194,1670320404
13276116,116,12-06-2022,-117,6612,1670342534,1670342534,21,Westbound W 16 Ave @ Balaclava St,49.257904,-123.17458,1670342417,-117,1670342417
13276149,300,11-29-2022,-115,6612,1669743528,1669743528,30,Westbound W 41 Ave @ Collingwood St,49.234836,-123.182546,1669743413,-115,1669743413
13276218,112,12-06-2022,-138,6612,1670375041,1670375041,18,Southbound Macdonald St @ W 13 Ave,49.260226,-123.168421,1670374903,-138,1670374903
13276218,112,12-05-2022,-122,6612,1670288641,1670288641,18,Southbound Macdonald St @ W 13 Ave,49.260226,-123.168421,1670288519,-122,1670288519
13276127,111,12-07-2022,-112,6612,1670428441,1670428441,17,Southbound Macdonald St @ W 11 Ave,49.261885,-123.16835,1670428329,-112,1670428329
13276161,113,12-06-2022,-126,6612,1670362940,1670362940,19,Southbound Macdonald St @ W 16 Ave,49.257315,-123.168496,1670362814,-126,1670362814
13276116,116,11-25-2022,-121,6612,1669392134,1669392134,21,Westbound W 16 Ave @ Balaclava St,49.257904,-123.17458,1669392013,-121,1669392013
13276116,116,11-28-2022,-127,6612,1669651334,1669651334,21,Westbound W 16 Ave @ Balaclava St,49.257904,-123.17458,1669651207,-127,1669651207
13276149,300,11-24-2022,-111,6612,1669311528,1669311528,30,Westbound W 41 Ave @ Collingwood St,49.234836,-123.182546,1669311417,-111,1669311417
13276194,121,12-06-2022,-132,6612,1670370365,1670370365,21,Southbound Macdonald St @ Alamein Ave,49.249858,-123.167913,1670370233,-132,1670370233
13276127,111,12-02-2022,-4316,6612,1669996441,1669996441,17,Southbound Macdonald St @ W 11 Ave,49.261885,-123.16835,1669992125,-4316,1669992125
13276212,105,12-06-2022,-154,6612,1670363200,1670363200,11,Westbound Cornwall Ave @ Point Grey Rd,49.272731,-123.160216,1670363046,-154,1670363046
13276116,116,12-05-2022,-132,6612,1670256134,1670256134,21,Westbound W 16 Ave @ Balaclava St,49.257904,-123.17458,1670256002,-132,1670256002
13276381,124,12-04-2022,-125,6612,1670145305,1670145305,23,Southbound Quesnel Dr @ W King Edward Ave,49.249603,-123.171914,1670145180,-125,1670145180
13276116,116,12-07-2022,-179,6612,1670428934,1670428934,21,Westbound W 16 Ave @ Balaclava St,49.257904,-123.17458,1670428755,-179,1670428755
13339278,119,11-27-2022,-119,6612,1669540943,1669540943,20,Southbound Macdonald St @ W 21 Ave,49.253375,-123.16787,1669540824,-119,1669540824
13339278,119,12-04-2022,-437,6612,1670145743,1670145743,20,Southbound Macdonald St @ W 21 Ave,49.253375,-123.16787,1670145306,-437,1670145306
13339278,119,12-04-2022,-437,6612,1670145743,1670145743,20,Southbound Macdonald St @ W 21 Ave,49.253375,-123.16787,1670145306,-437,1670145306
13276148,114,11-30-2022,-420,6612,1669855170,1669855170,19,Westbound W 16 Ave @ Macdonald St,49.257816,-123.168896,1669854750,-420,1669854750
13276230,45,11-22-2022,-3389,6612,1669178056,1669178056,3,Southbound Burrard St @ Robson St,49.283087,-123.123336,1669174667,-3389,1669174667
13276230,45,11-22-2022,-3389,6612,1669178056,1669178056,3,Southbound Burrard St @ Robson St,49.283087,-123.123336,1669174667,-3389,1669174667
13276379,121,12-04-2022,-114,6612,1670143404,1670143404,21,Southbound Macdonald St @ Alamein Ave,49.249858,-123.167913,1670143290,-114,1670143290
13276232,105,11-23-2022,-3491,6612,1669266149,1669266149,11,Westbound Cornwall Ave @ Point Grey Rd,49.272731,-123.160216,1669262658,-3491,1669262658
13276599,107,11-27-2022,-141,6612,1669577674,1669577674,13,Southbound Macdonald St @ W 1st Ave,49.270753,-123.168323,1669577533,-141,1669577533
13276413,296,11-26-2022,-146,6612,1669483124,1669483124,27,Westbound W 41 Ave @ Mackenzie St,49.234819,-123.170795,1669482978,-146,1669482978
13339362,296,12-04-2022,-135,6612,1670217069,1670217069,27,Westbound W 41 Ave @ Mackenzie St,49.234819,-123.170795,1670216934,-135,1670216934
13276148,114,11-25-2022,-116,6612,1669423170,1669423170,19,Westbound W 16 Ave @ Macdonald St,49.257816,-123.168896,1669423054,-116,1669423054
13276146,107,11-23-2022,-120,6612,1669253794,1669253794,13,Southbound Macdonald St @ W 1st Ave,49.270753,-123.168323,1669253674,-120,1669253674
13276245,646,11-25-2022,-151,6612,1669447500,1669447500,31,Dunbar Loop @ Bay 2,49.234593,-123.18575,1669447349,-151,1669447349
13276245,646,11-29-2022,-179,6612,1669793100,1669793100,31,Dunbar Loop @ Bay 2,49.234593,-123.18575,1669792921,-179,1669792921
13276146,107,11-28-2022,-117,6612,1669685794,1669685794,13,Southbound Macdonald St @ W 1st Ave,49.270753,-123.168323,1669685677,-117,1669685677
13276146,107,11-25-2022,-111,6612,1669426594,1669426594,13,Southbound Macdonald St @ W 1st Ave,49.270753,-123.168323,1669426483,-111,1669426483
13276245,646,12-07-2022,-116,6612,1670484300,1670484300,31,Dunbar Loop @ Bay 2,49.234593,-123.18575,1670484184,-116,1670484184
13276146,107,12-06-2022,-139,6612,1670376994,1670376994,13,Southbound Macdonald St @ W 1st Ave,49.270753,-123.168323,1670376855,-139,1670376855
13276215,112,12-06-2022,-122,6612,1670372779,1670372779,18,Southbound Macdonald St @ W 13 Ave,49.260226,-123.168421,1670372657,-122,1670372657
13276245,646,11-23-2022,-165,6612,1669274700,1669274700,31,Dunbar Loop @ Bay 2,49.234593,-123.18575,1669274535,-165,1669274535
13276182,12671,11-30-2022,-112,6612,1669850141,1669850141,28,Westbound W 41 Ave @ Carnarvon St,49.234826,-123.174148,1669850029,-112,1669850029
13276245,646,11-24-2022,-135,6612,1669361100,1669361100,31,Dunbar Loop @ Bay 2,49.234593,-123.18575,1669360965,-135,1669360965
13276215,112,11-29-2022,-312,6612,1669767979,1669767979,18,Southbound Macdonald St @ W 13 Ave,49.260226,-123.168421,1669767667,-312,1669767667
13276146,107,12-08-2022,-127,6612,1670549794,1670549794,13,Southbound Macdonald St @ W 1st Ave,49.270753,-123.168323,1670549667,-127,1670549667
13276245,646,12-06-2022,-111,6612,1670397900,1670397900,31,Dunbar Loop @ Bay 2,49.234593,-123.18575,1670397789,-111,1670397789
13276146,107,11-29-2022,-183,6612,1669772194,1669772194,13,Southbound Macdonald St @ W 1st Ave,49.270753,-123.168323,1669772011,-183,1669772011
13276182,12671,12-06-2022,-141,6612,1670368541,1670368541,28,Westbound W 41 Ave @ Carnarvon St,49.234826,-123.174148,1670368400,-141,1670368400
13276215,112,12-05-2022,-135,6612,1670286379,1670286379,18,Southbound Macdonald St @ W 13 Ave,49.260226,-123.168421,1670286244,-135,1670286244
13276146,107,12-05-2022,-155,6612,1670290594,1670290594,13,Southbound Macdonald St @ W 1st Ave,49.270753,-123.168323,1670290439,-155,1670290439
13276146,107,11-30-2022,-142,6612,1669858594,1669858594,13,Southbound Macdonald St @ W 1st Ave,49.270753,-123.168323,1669858452,-142,1669858452
13276137,123,11-29-2022,-217,6612,1669761510,1669761510,22,Westbound W King Edward Ave @ Puget Dr,49.249627,-123.170432,1669761293,-217,1669761293
13276245,646,11-28-2022,-152,6612,1669706700,1669706700,31,Dunbar Loop @ Bay 2,49.234593,-123.18575,1669706548,-152,1669706548
13276245,646,11-30-2022,-118,6612,1669879500,1669879500,31,Dunbar Loop @ Bay 2,49.234593,-123.18575,1669879382,-118,1669879382
13276139,1379,11-28-2022,-854,6612,1669707787,1669707787,14,Southbound Macdonald St @ W 4th Ave,49.268064,-123.168411,1669706933,-854,1669706933
13276139,1379,11-28-2022,-854,6612,1669707787,1669707787,14,Southbound Macdonald St @ W 4th Ave,49.268064,-123.168411,1669706933,-854,1669706933
13276139,1379,11-28-2022,-854,6612,1669707787,1669707787,14,Southbound Macdonald St @ W 4th Ave,49.268064,-123.168411,1669706933,-854,1669706933
13276122,12671,11-30-2022,-114,6612,1669819516,1669819516,28,Westbound W 41 Ave @ Carnarvon St,49.234826,-123.174148,1669819402,-114,1669819402
13276161,106,12-06-2022,-1233,6612,1670362572,1670362572,12,Westbound Cornwall Ave @ Trafalgar St,49.272799,-123.164636,1670361339,-1233,1670361339
13276161,106,12-06-2022,-1233,6612,1670362572,1670362572,12,Westbound Cornwall Ave @ Trafalgar St,49.272799,-123.164636,1670361339,-1233,1670361339
13276230,121,11-22-2022,-3132,6612,1669179024,1669179024,21,Southbound Macdonald St @ Alamein Ave,49.249858,-123.167913,1669175892,-3132,1669175892
13276230,121,11-22-2022,-3132,6612,1669179024,1669179024,21,Southbound Macdonald St @ Alamein Ave,49.249858,-123.167913,1669175892,-3132,1669175892
13276122,12671,12-07-2022,-117,6612,1670424316,1670424316,28,Westbound W 41 Ave @ Carnarvon St,49.234826,-123.174148,1670424199,-117,1670424199
13276122,12671,12-01-2022,-124,6612,1669905916,1669905916,28,Westbound W 41 Ave @ Carnarvon St,49.234826,-123.174148,1669905792,-124,1669905792
13276122,12671,11-25-2022,-146,6612,1669387516,1669387516,28,Westbound W 41 Ave @ Carnarvon St,49.234826,-123.174148,1669387370,-146,1669387370
13276122,12671,11-24-2022,-139,6612,1669301116,1669301116,28,Westbound W 41 Ave @ Carnarvon St,49.234826,-123.174148,1669300977,-139,1669300977
13276168,45,11-30-2022,-375,6612,1669865070,1669865070,3,Southbound Burrard St @ Robson St,49.283087,-123.123336,1669864695,-375,1669864695
13276173,109,11-28-2022,-174,6612,1669694974,1669694974,15,Southbound Macdonald St @ W 6th Ave,49.266274,-123.168483,1669694800,-174,1669694800
13276655,300,11-28-2022,-151,6612,1669626603,1669626603,30,Westbound W 41 Ave @ Collingwood St,49.234836,-123.182546,1669626452,-151,1669626452
13276173,109,11-22-2022,-128,6612,1669176574,1669176574,15,Southbound Macdonald St @ W 6th Ave,49.266274,-123.168483,1669176446,-128,1669176446
13276208,115,11-30-2022,-121,6612,1669841709,1669841709,20,Westbound W 16 Ave @ Mackenzie St,49.257839,-123.170777,1669841588,-121,1669841588
13276208,115,11-30-2022,-121,6612,1669841709,1669841709,20,Westbound W 16 Ave @ Mackenzie St,49.257839,-123.170777,1669841588,-121,1669841588
13339359,296,12-04-2022,-173,6612,1670211775,1670211775,27,Westbound W 41 Ave @ Mackenzie St,49.234819,-123.170795,1670211602,-173,1670211602
13276155,115,12-06-2022,-247,6612,1670344329,1670344329,20,Westbound W 16 Ave @ Mackenzie St,49.257839,-123.170777,1670344082,-247,1670344082
13276188,107,11-30-2022,-819,6612,1669826561,1669826561,13,Southbound Macdonald St @ W 1st Ave,49.270753,-123.168323,1669825742,-819,1669825742
13276188,107,11-30-2022,-819,6612,1669826561,1669826561,13,Southbound Macdonald St @ W 1st Ave,49.270753,-123.168323,1669825742,-819,1669825742
13276188,107,11-30-2022,-819,6612,1669826561,1669826561,13,Southbound Macdonald St @ W 1st Ave,49.270753,-123.168323,1669825742,-819,1669825742
13276188,107,11-30-2022,-819,6612,1669826561,1669826561,13,Southbound Macdonald St @ W 1st Ave,49.270753,-123.168323,1669825742,-819,1669825742
13276173,109,12-06-2022,-203,6612,1670386174,1670386174,15,Southbound Macdonald St @ W 6th Ave,49.266274,-123.168483,1670385971,-203,1670385971
13276197,107,12-05-2022,-227,6612,1670264141,1670264141,13,Southbound Macdonald St @ W 1st Ave,49.270753,-123.168323,1670263914,-227,1670263914
13276230,12671,11-23-2022,-127,6612,1669265836,1669265836,28,Westbound W 41 Ave @ Carnarvon St,49.234826,-123.174148,1669265709,-127,1669265709
13339257,107,11-26-2022,-115,6612,1669501308,1669501308,13,Southbound Macdonald St @ W 1st Ave,49.270753,-123.168323,1669501193,-115,1669501193
13276230,12671,11-22-2022,-3199,6612,1669179436,1669179436,28,Westbound W 41 Ave @ Carnarvon St,49.234826,-123.174148,1669176237,-3199,1669176237
13276230,12671,11-22-2022,-3199,6612,1669179436,1669179436,28,Westbound W 41 Ave @ Carnarvon St,49.234826,-123.174148,1669176237,-3199,1669176237
13276181,300,11-23-2022,-120,6612,1669227108,1669227108,30,Westbound W 41 Ave @ Collingwood St,49.234836,-123.182546,1669226988,-120,1669226988
13276173,109,12-07-2022,-3491,6612,1670472574,1670472574,15,Southbound Macdonald St @ W 6th Ave,49.266274,-123.168483,1670469083,-3491,1670469083
13339359,296,11-27-2022,-117,6612,1669606975,1669606975,27,Westbound W 41 Ave @ Mackenzie St,49.234819,-123.170795,1669606858,-117,1669606858
13276228,296,12-02-2022,-175,6612,1669995564,1669995564,27,Westbound W 41 Ave @ Mackenzie St,49.234819,-123.170795,1669995389,-175,1669995389
13339278,299,12-04-2022,-160,6612,1670146274,1670146274,29,Westbound W 41 Ave @ Blenheim St,49.234831,-123.179103,1670146114,-160,1670146114
13276239,128,12-02-2022,-128,6612,1670045664,1670045664,25,Southbound Mackenzie St @ W 33 Ave,49.241997,-123.170345,1670045536,-128,1670045536
13276118,115,12-08-2022,-135,6612,1670516829,1670516829,20,Westbound W 16 Ave @ Mackenzie St,49.257839,-123.170777,1670516694,-135,1670516694
13339278,299,11-27-2022,-136,6612,1669541474,1669541474,29,Westbound W 41 Ave @ Blenheim St,49.234831,-123.179103,1669541338,-136,1669541338
13276214,124,11-30-2022,-224,6612,1669854144,1669854144,23,Southbound Quesnel Dr @ W King Edward Ave,49.249603,-123.171914,1669853920,-224,1669853920
13276214,646,12-02-2022,-112,6612,1670027520,1670027520,31,Dunbar Loop @ Bay 2,49.234593,-123.18575,1670027408,-112,1670027408
13276203,54,11-23-2022,-165,6612,1669233411,1669233411,22,Eastbound W 16 Ave @ Trutch St,49.257636,-123.175459,1669233246,-165,1669233246
13339357,646,11-27-2022,-139,6612,1669605720,1669605720,31,Dunbar Loop @ Bay 2,49.234593,-123.18575,1669605581,-139,1669605581
13276191,646,11-25-2022,-603,6612,1669440600,1669440600,31,Dunbar Loop @ Bay 2,49.234593,-123.18575,1669439997,-603,1669439997
13276191,646,11-25-2022,-603,6612,1669440600,1669440600,31,Dunbar Loop @ Bay 2,49.234593,-123.18575,1669439997,-603,1669439997
13276118,115,11-23-2022,-115,6612,1669220829,1669220829,20,Westbound W 16 Ave @ Mackenzie St,49.257839,-123.170777,1669220714,-115,1669220714
13276137,126,11-29-2022,-256,6612,1669761641,1669761641,24,Southbound Mackenzie St @ W 29 Ave,49.245848,-123.170308,1669761385,-256,1669761385
13276675,106,11-27-2022,-129,6612,1669578794,1669578794,12,Westbound Cornwall Ave @ Trafalgar St,49.272799,-123.164636,1669578665,-129,1669578665
13276161,109,12-06-2022,-139,6612,1670362744,1670362744,15,Southbound Macdonald St @ W 6th Ave,49.266274,-123.168483,1670362605,-139,1670362605
13276145,126,11-29-2022,-120,6612,1669774361,1669774361,24,Southbound Mackenzie St @ W 29 Ave,49.245848,-123.170308,1669774241,-120,1669774241
13276162,1379,11-23-2022,-129,6612,1669237820,1669237820,14,Southbound Macdonald St @ W 4th Ave,49.268064,-123.168411,1669237691,-129,1669237691
13339357,646,12-04-2022,-113,6612,1670210520,1670210520,31,Dunbar Loop @ Bay 2,49.234593,-123.18575,1670210407,-113,1670210407
13276162,1379,12-02-2022,-147,6612,1670015420,1670015420,14,Southbound Macdonald St @ W 4th Ave,49.268064,-123.168411,1670015273,-147,1670015273
13276117,55,12-05-2022,-145,6612,1670257140,1670257140,23,Eastbound W 16 Ave @ Carnarvon St,49.257583,-123.17185,1670256995,-145,1670256995
13276117,55,12-05-2022,-145,6612,1670257140,1670257140,23,Eastbound W 16 Ave @ Carnarvon St,49.257583,-123.17185,1670256995,-145,1670256995
13276157,128,11-25-2022,-193,6612,1669405609,1669405609,25,Southbound Mackenzie St @ W 33 Ave,49.241997,-123.170345,1669405416,-193,1669405416
13276117,55,12-08-2022,-282,6612,1670516340,1670516340,23,Eastbound W 16 Ave @ Carnarvon St,49.257583,-123.17185,1670516058,-282,1670516058
13276118,115,12-07-2022,-127,6612,1670430429,1670430429,20,Westbound W 16 Ave @ Mackenzie St,49.257839,-123.170777,1670430302,-127,1670430302
13276117,55,11-25-2022,-162,6612,1669393140,1669393140,23,Eastbound W 16 Ave @ Carnarvon St,49.257583,-123.17185,1669392978,-162,1669392978
13276228,296,12-05-2022,-127,6612,1670254764,1670254764,27,Westbound W 41 Ave @ Mackenzie St,49.234819,-123.170795,1670254637,-127,1670254637
13276214,646,11-30-2022,-171,6612,1669854720,1669854720,31,Dunbar Loop @ Bay 2,49.234593,-123.18575,1669854549,-171,1669854549
13276118,115,12-06-2022,-142,6612,1670344029,1670344029,20,Westbound W 16 Ave @ Mackenzie St,49.257839,-123.170777,1670343887,-142,1670343887
13276173,12494,12-07-2022,-3322,6612,1670471861,1670471861,7,Southbound Burrard St @ Harwood St,49.277837,-123.131265,1670468539,-3322,1670468539
13276228,296,11-25-2022,-172,6612,1669390765,1669390765,27,Westbound W 41 Ave @ Mackenzie St,49.234819,-123.170795,1669390593,-172,1669390593
13276118,115,11-25-2022,-197,6612,1669393629,1669393629,20,Westbound W 16 Ave @ Mackenzie St,49.257839,-123.170777,1669393432,-197,1669393432
13276203,54,11-28-2022,-150,6612,1669665411,1669665411,22,Eastbound W 16 Ave @ Trutch St,49.257636,-123.175459,1669665261,-150,1669665261
13276191,98,11-25-2022,-412,6612,1669439159,1669439159,6,Southbound Burrard St @ Davie St,49.278914,-123.12964,1669438747,-412,1669438747
13276191,98,11-25-2022,-412,6612,1669439159,1669439159,6,Southbound Burrard St @ Davie St,49.278914,-123.12964,1669438747,-412,1669438747
13276203,54,11-25-2022,-115,6612,1669406211,1669406211,22,Eastbound W 16 Ave @ Trutch St,49.257636,-123.175459,1669406096,-115,1669406096
13276118,115,11-24-2022,-223,6612,1669307229,1669307229,20,Westbound W 16 Ave @ Mackenzie St,49.257839,-123.170777,1669307006,-223,1669307006
13276163,128,12-02-2022,-118,6612,1670030765,1670030765,25,Southbound Mackenzie St @ W 33 Ave,49.241997,-123.170345,1670030647,-118,1670030647
13276162,1379,11-29-2022,-113,6612,1669756220,1669756220,14,Southbound Macdonald St @ W 4th Ave,49.268064,-123.168411,1669756107,-113,1669756107
13276142,113,11-29-2022,-137,6612,1669713577,1669713577,19,Southbound Macdonald St @ W 16 Ave,49.257315,-123.168496,1669713440,-137,1669713440
13339360,646,11-27-2022,-113,6612,1669608900,1669608900,31,Dunbar Loop @ Bay 2,49.234593,-123.18575,1669608787,-113,1669608787
13276177,110,11-28-2022,-159,6612,1669688051,1669688051,16,Southbound Macdonald St @ W Broadway,49.264268,-123.168373,1669687892,-159,1669687892
13276177,110,12-05-2022,-140,6612,1670292851,1670292851,16,Southbound Macdonald St @ W Broadway,49.264268,-123.168373,1670292711,-140,1670292711
13276161,112,12-06-2022,-135,6612,1670362877,1670362877,18,Southbound Macdonald St @ W 13 Ave,49.260226,-123.168421,1670362742,-135,1670362742
13276177,110,12-02-2022,-120,6612,1670033651,1670033651,16,Southbound Macdonald St @ W Broadway,49.264268,-123.168373,1670033531,-120,1670033531
13276128,116,12-02-2022,-146,6612,1669997534,1669997534,21,Westbound W 16 Ave @ Balaclava St,49.257904,-123.17458,1669997388,-146,1669997388
13276230,299,11-23-2022,-148,6612,1669265894,1669265894,29,Westbound W 41 Ave @ Blenheim St,49.234831,-123.179103,1669265746,-148,1669265746
13276119,110,11-28-2022,-140,6612,1669654731,1669654731,16,Southbound Macdonald St @ W Broadway,49.264268,-123.168373,1669654591,-140,1669654591
13276196,1379,11-28-2022,-144,6612,1669656020,1669656020,14,Southbound Macdonald St @ W 4th Ave,49.268064,-123.168411,1669655876,-144,1669655876
13276128,116,11-29-2022,-117,6612,1669738334,1669738334,21,Westbound W 16 Ave @ Balaclava St,49.257904,-123.17458,1669738217,-117,1669738217
13276188,296,11-30-2022,-1871,6612,1669827376,1669827376,27,Westbound W 41 Ave @ Mackenzie St,49.234819,-123.170795,1669825505,-1871,1669825505
13276188,296,11-30-2022,-1871,6612,1669827376,1669827376,27,Westbound W 41 Ave @ Mackenzie St,49.234819,-123.170795,1669825505,-1871,1669825505
13276188,296,11-30-2022,-1871,6612,1669827376,1669827376,27,Westbound W 41 Ave @ Mackenzie St,49.234819,-123.170795,1669825505,-1871,1669825505
13276188,296,11-30-2022,-1871,6612,1669827376,1669827376,27,Westbound W 41 Ave @ Mackenzie St,49.234819,-123.170795,1669825505,-1871,1669825505
13276188,296,11-30-2022,-1871,6612,1669827376,1669827376,27,Westbound W 41 Ave @ Mackenzie St,49.234819,-123.170795,1669825505,-1871,1669825505
13276188,296,11-30-2022,-1871,6612,1669827376,1669827376,27,Westbound W 41 Ave @ Mackenzie St,49.234819,-123.170795,1669825505,-1871,1669825505
13276188,296,11-30-2022,-1871,6612,1669827376,1669827376,27,Westbound W 41 Ave @ Mackenzie St,49.234819,-123.170795,1669825505,-1871,1669825505
13276119,110,12-07-2022,-125,6612,1670432331,1670432331,16,Southbound Macdonald St @ W Broadway,49.264268,-123.168373,1670432206,-125,1670432206
13276657,12671,12-05-2022,-144,6612,1670227535,1670227535,28,Westbound W 41 Ave @ Carnarvon St,49.234826,-123.174148,1670227391,-144,1670227391
13276128,116,12-05-2022,-131,6612,1670256734,1670256734,21,Westbound W 16 Ave @ Balaclava St,49.257904,-123.17458,1670256603,-131,1670256603
13276168,300,11-28-2022,-198,6612,1669693908,1669693908,30,Westbound W 41 Ave @ Collingwood St,49.234836,-123.182546,1669693710,-198,1669693710
13276137,47,11-29-2022,-139,6612,1669760274,1669760274,5,Southbound Burrard St @ Nelson St,49.280981,-123.126516,1669760135,-139,1669760135
13276128,116,11-25-2022,-122,6612,1669392734,1669392734,21,Westbound W 16 Ave @ Balaclava St,49.257904,-123.17458,1669392612,-122,1669392612
13276140,126,12-08-2022,-137,6612,1670487990,1670487990,24,Southbound Mackenzie St @ W 29 Ave,49.245848,-123.170308,1670487853,-137,1670487853
13276230,299,11-22-2022,-3217,6612,1669179494,1669179494,29,Westbound W 41 Ave @ Blenheim St,49.234831,-123.179103,1669176277,-3217,1669176277
13276230,299,11-22-2022,-3217,6612,1669179494,1669179494,29,Westbound W 41 Ave @ Blenheim St,49.234831,-123.179103,1669176277,-3217,1669176277
13276168,300,12-06-2022,-206,6612,1670385108,1670385108,30,Westbound W 41 Ave @ Collingwood St,49.234836,-123.182546,1670384902,-206,1670384902
13276168,300,11-22-2022,-161,6612,1669175508,1669175508,30,Westbound W 41 Ave @ Collingwood St,49.234836,-123.182546,1669175347,-161,1669175347
13276168,300,11-24-2022,-153,6612,1669348308,1669348308,30,Westbound W 41 Ave @ Collingwood St,49.234836,-123.182546,1669348155,-153,1669348155
13276230,299,11-28-2022,-114,6612,1669697894,1669697894,29,Westbound W 41 Ave @ Blenheim St,49.234831,-123.179103,1669697780,-114,1669697780
13276128,116,12-08-2022,-125,6612,1670515934,1670515934,21,Westbound W 16 Ave @ Balaclava St,49.257904,-123.17458,1670515809,-125,1670515809
13276128,116,12-06-2022,-133,6612,1670343134,1670343134,21,Westbound W 16 Ave @ Balaclava St,49.257904,-123.17458,1670343001,-133,1670343001
13276168,300,11-25-2022,-161,6612,1669434708,1669434708,30,Westbound W 41 Ave @ Collingwood St,49.234836,-123.182546,1669434547,-161,1669434547
13276168,300,11-30-2022,-112,6612,1669866708,1669866708,30,Westbound W 41 Ave @ Collingwood St,49.234836,-123.182546,1669866596,-112,1669866596
13276128,116,11-28-2022,-118,6612,1669651934,1669651934,21,Westbound W 16 Ave @ Balaclava St,49.257904,-123.17458,1669651816,-118,1669651816
13276234,105,12-07-2022,-308,6612,1670468860,1670468860,11,Westbound Cornwall Ave @ Point Grey Rd,49.272731,-123.160216,1670468552,-308,1670468552
13276171,111,12-05-2022,-116,6612,1670261870,1670261870,17,Southbound Macdonald St @ W 11 Ave,49.261885,-123.16835,1670261754,-116,1670261754
13276121,646,11-25-2022,-128,6612,1669386480,1669386480,31,Dunbar Loop @ Bay 2,49.234593,-123.18575,1669386352,-128,1669386352
13276234,105,11-22-2022,-240,6612,1669172860,1669172860,11,Westbound Cornwall Ave @ Point Grey Rd,49.272731,-123.160216,1669172620,-240,1669172620
13276121,646,12-05-2022,-111,6612,1670250480,1670250480,31,Dunbar Loop @ Bay 2,49.234593,-123.18575,1670250369,-111,1670250369
13276171,111,12-02-2022,-125,6612,1670002670,1670002670,17,Southbound Macdonald St @ W 11 Ave,49.261885,-123.16835,1670002545,-125,1670002545
13276121,646,11-28-2022,-115,6612,1669645680,1669645680,31,Dunbar Loop @ Bay 2,49.234593,-123.18575,1669645565,-115,1669645565
13276171,109,12-07-2022,-123,6612,1670434563,1670434563,15,Southbound Macdonald St @ W 6th Ave,49.266274,-123.168483,1670434440,-123,1670434440
13276171,109,11-24-2022,-181,6612,1669311363,1669311363,15,Southbound Macdonald St @ W 6th Ave,49.266274,-123.168483,1669311182,-181,1669311182
13276171,109,12-02-2022,-119,6612,1670002563,1670002563,15,Southbound Macdonald St @ W 6th Ave,49.266274,-123.168483,1670002444,-119,1670002444
13276396,114,12-03-2022,-139,6612,1670130901,1670130901,19,Westbound W 16 Ave @ Macdonald St,49.257816,-123.168896,1670130762,-139,1670130762
13276656,296,11-28-2022,-114,6612,1669624500,1669624500,27,Westbound W 41 Ave @ Mackenzie St,49.234819,-123.170795,1669624386,-114,1669624386
13276675,116,11-27-2022,-203,6612,1669579274,1669579274,21,Westbound W 16 Ave @ Balaclava St,49.257904,-123.17458,1669579071,-203,1669579071
13276121,646,12-01-2022,-114,6612,1669904880,1669904880,31,Dunbar Loop @ Bay 2,49.234593,-123.18575,1669904766,-114,1669904766
13276171,111,12-06-2022,-146,6612,1670348270,1670348270,17,Southbound Macdonald St @ W 11 Ave,49.261885,-123.16835,1670348124,-146,1670348124
13276171,111,12-07-2022,-127,6612,1670434670,1670434670,17,Southbound Macdonald St @ W 11 Ave,49.261885,-123.16835,1670434543,-127,1670434543
13276121,646,11-23-2022,-112,6612,1669213680,1669213680,31,Dunbar Loop @ Bay 2,49.234593,-123.18575,1669213568,-112,1669213568
13276124,1379,12-08-2022,-147,6612,1670512212,1670512212,14,Southbound Macdonald St @ W 4th Ave,49.268064,-123.168411,1670512065,-147,1670512065
13276165,128,11-30-2022,-181,6612,1669864236,1669864236,25,Southbound Mackenzie St @ W 33 Ave,49.241997,-123.170345,1669864055,-181,1669864055
13276121,646,11-29-2022,-126,6612,1669732080,1669732080,31,Dunbar Loop @ Bay 2,49.234593,-123.18575,1669731954,-126,1669731954
13276171,111,11-24-2022,-165,6612,1669311470,1669311470,17,Southbound Macdonald St @ W 11 Ave,49.261885,-123.16835,1669311305,-165,1669311305
13276171,111,11-28-2022,-114,6612,1669657070,1669657070,17,Southbound Macdonald St @ W 11 Ave,49.261885,-123.16835,1669656956,-114,1669656956
13276154,107,11-28-2022,-129,6612,1669653375,1669653375,13,Southbound Macdonald St @ W 1st Ave,49.270753,-123.168323,1669653246,-129,1669653246
13339276,299,11-26-2022,-113,6612,1669523700,1669523700,29,Westbound W 41 Ave @ Blenheim St,49.234831,-123.179103,1669523587,-113,1669523587
13276382,123,12-04-2022,-132,6612,1670147072,1670147072,22,Westbound W King Edward Ave @ Puget Dr,49.249627,-123.170432,1670146940,-132,1670146940
13276139,103,11-28-2022,-804,6612,1669707545,1669707545,9,Westbound Cornwall Ave @ Arbutus St,49.272608,-123.152989,1669706741,-804,1669706741
13276139,103,11-28-2022,-804,6612,1669707545,1669707545,9,Westbound Cornwall Ave @ Arbutus St,49.272608,-123.152989,1669706741,-804,1669706741
13276139,103,11-28-2022,-804,6612,1669707545,1669707545,9,Westbound Cornwall Ave @ Arbutus St,49.272608,-123.152989,1669706741,-804,1669706741
13276154,107,11-29-2022,-150,6612,1669739775,1669739775,13,Southbound Macdonald St @ W 1st Ave,49.270753,-123.168323,1669739625,-150,1669739625
13276172,114,12-07-2022,-116,6612,1670435739,1670435739,19,Westbound W 16 Ave @ Macdonald St,49.257816,-123.168896,1670435623,-116,1670435623
13276187,299,12-08-2022,-188,6612,1670550949,1670550949,29,Westbound W 41 Ave @ Blenheim St,49.234831,-123.179103,1670550761,-188,1670550761
13339276,299,12-03-2022,-120,6612,1670128500,1670128500,29,Westbound W 41 Ave @ Blenheim St,49.234831,-123.179103,1670128380,-120,1670128380
13276172,114,11-28-2022,-185,6612,1669658139,1669658139,19,Westbound W 16 Ave @ Macdonald St,49.257816,-123.168896,1669657954,-185,1669657954
13276172,114,11-29-2022,-143,6612,1669744539,1669744539,19,Westbound W 16 Ave @ Macdonald St,49.257816,-123.168896,1669744396,-143,1669744396
13276172,114,12-06-2022,-116,6612,1670349339,1670349339,19,Westbound W 16 Ave @ Macdonald St,49.257816,-123.168896,1670349223,-116,1670349223
13339360,130,11-27-2022,-147,6612,1669608591,1669608591,26,Southbound Mackenzie St @ W 37 Ave,49.238254,-123.170377,1669608444,-147,1669608444
13276149,130,11-23-2022,-128,6612,1669224901,1669224901,26,Southbound Mackenzie St @ W 37 Ave,49.238254,-123.170377,1669224773,-128,1669224773
13276154,116,12-02-2022,-140,6612,1669999391,1669999391,21,Westbound W 16 Ave @ Balaclava St,49.257904,-123.17458,1669999251,-140,1669999251
13276139,299,11-23-2022,-117,6612,1669276574,1669276574,29,Westbound W 41 Ave @ Blenheim St,49.234831,-123.179103,1669276457,-117,1669276457
13276203,55,11-23-2022,-165,6612,1669233480,1669233480,23,Eastbound W 16 Ave @ Carnarvon St,49.257583,-123.17185,1669233315,-165,1669233315
13276230,128,11-23-2022,-164,6612,1669265664,1669265664,25,Southbound Mackenzie St @ W 33 Ave,49.241997,-123.170345,1669265500,-164,1669265500
13276139,299,11-30-2022,-120,6612,1669881374,1669881374,29,Westbound W 41 Ave @ Blenheim St,49.234831,-123.179103,1669881254,-120,1669881254
13276139,299,11-25-2022,-121,6612,1669449374,1669449374,29,Westbound W 41 Ave @ Blenheim St,49.234831,-123.179103,1669449253,-121,1669449253
13276203,55,11-25-2022,-115,6612,1669406280,1669406280,23,Eastbound W 16 Ave @ Carnarvon St,49.257583,-123.17185,1669406165,-115,1669406165
13276149,130,11-25-2022,-168,6612,1669397701,1669397701,26,Southbound Mackenzie St @ W 37 Ave,49.238254,-123.170377,1669397533,-168,1669397533
13276154,116,11-28-2022,-155,6612,1669653791,1669653791,21,Westbound W 16 Ave @ Balaclava St,49.257904,-123.17458,1669653636,-155,1669653636
13276139,299,11-28-2022,-138,6612,1669708574,1669708574,29,Westbound W 41 Ave @ Blenheim St,49.234831,-123.179103,1669708436,-138,1669708436
13276154,116,11-25-2022,-116,6612,1669394591,1669394591,21,Westbound W 16 Ave @ Balaclava St,49.257904,-123.17458,1669394475,-116,1669394475
13276154,116,11-24-2022,-118,6612,1669308191,1669308191,21,Westbound W 16 Ave @ Balaclava St,49.257904,-123.17458,1669308073,-118,1669308073
13276230,128,11-22-2022,-3170,6612,1669179264,1669179264,25,Southbound Mackenzie St @ W 33 Ave,49.241997,-123.170345,1669176094,-3170,1669176094
13276230,128,11-22-2022,-3170,6612,1669179264,1669179264,25,Southbound Mackenzie St @ W 33 Ave,49.241997,-123.170345,1669176094,-3170,1669176094
13276149,130,12-02-2022,-116,6612,1670002501,1670002501,26,Southbound Mackenzie St @ W 37 Ave,49.238254,-123.170377,1670002385,-116,1670002385
13276203,55,11-28-2022,-150,6612,1669665480,1669665480,23,Eastbound W 16 Ave @ Carnarvon St,49.257583,-123.17185,1669665330,-150,1669665330
13276154,116,11-23-2022,-131,6612,1669221791,1669221791,21,Westbound W 16 Ave @ Balaclava St,49.257904,-123.17458,1669221660,-131,1669221660
13276139,299,11-22-2022,-148,6612,1669190174,1669190174,29,Westbound W 41 Ave @ Blenheim St,49.234831,-123.179103,1669190026,-148,1669190026
13276139,299,12-06-2022,-124,6612,1670399774,1670399774,29,Westbound W 41 Ave @ Blenheim St,49.234831,-123.179103,1670399650,-124,1670399650
13276139,299,11-24-2022,-182,6612,1669362974,1669362974,29,Westbound W 41 Ave @ Blenheim St,49.234831,-123.179103,1669362792,-182,1669362792
13276197,111,12-05-2022,-202,6612,1670264312,1670264312,17,Southbound Macdonald St @ W 11 Ave,49.261885,-123.16835,1670264110,-202,1670264110
13276154,116,11-29-2022,-127,6612,1669740191,1669740191,21,Westbound W 16 Ave @ Balaclava St,49.257904,-123.17458,1669740064,-127,1669740064
13276198,114,11-23-2022,-115,6612,1669228479,1669228479,19,Westbound W 16 Ave @ Macdonald St,49.257816,-123.168896,1669228364,-115,1669228364
13276166,299,11-28-2022,-125,6612,1669689114,1669689114,29,Westbound W 41 Ave @ Blenheim St,49.234831,-123.179103,1669688989,-125,1669688989
13276233,54,11-28-2022,-158,6612,1669690911,1669690911,22,Eastbound W 16 Ave @ Trutch St,49.257636,-123.175459,1669690753,-158,1669690753
13276233,54,11-24-2022,-167,6612,1669345311,1669345311,22,Eastbound W 16 Ave @ Trutch St,49.257636,-123.175459,1669345144,-167,1669345144
13276198,114,11-24-2022,-132,6612,1669314879,1669314879,19,Westbound W 16 Ave @ Macdonald St,49.257816,-123.168896,1669314747,-132,1669314747
13276165,300,11-29-2022,-116,6612,1669778146,1669778146,30,Westbound W 41 Ave @ Collingwood St,49.234836,-123.182546,1669778030,-116,1669778030
13276198,114,12-02-2022,-125,6612,1670006079,1670006079,19,Westbound W 16 Ave @ Macdonald St,49.257816,-123.168896,1670005954,-125,1670005954
13276198,114,12-05-2022,-117,6612,1670265279,1670265279,19,Westbound W 16 Ave @ Macdonald St,49.257816,-123.168896,1670265162,-117,1670265162
13276165,300,11-30-2022,-180,6612,1669864546,1669864546,30,Westbound W 41 Ave @ Collingwood St,49.234836,-123.182546,1669864366,-180,1669864366
13276170,46,12-02-2022,-159,6612,1670018985,1670018985,4,Southbound Burrard St @ Barclay St,49.282068,-123.12488,1670018826,-159,1670018826
13276233,54,12-05-2022,-157,6612,1670295711,1670295711,22,Eastbound W 16 Ave @ Trutch St,49.257636,-123.175459,1670295554,-157,1670295554
13276166,299,11-22-2022,-223,6612,1669170714,1669170714,29,Westbound W 41 Ave @ Blenheim St,49.234831,-123.179103,1669170491,-223,1669170491
13276115,123,11-23-2022,-209,6612,1669244010,1669244010,22,Westbound W King Edward Ave @ Puget Dr,49.249627,-123.170432,1669243801,-209,1669243801
13276233,54,12-02-2022,-115,6612,1670036511,1670036511,22,Eastbound W 16 Ave @ Trutch St,49.257636,-123.175459,1670036396,-115,1670036396
13276233,54,12-02-2022,-115,6612,1670036511,1670036511,22,Eastbound W 16 Ave @ Trutch St,49.257636,-123.175459,1670036396,-115,1670036396
13276223,1379,11-29-2022,-154,6612,1669773629,1669773629,14,Southbound Macdonald St @ W 4th Ave,49.268064,-123.168411,1669773475,-154,1669773475
13276198,114,12-08-2022,-147,6612,1670524479,1670524479,19,Westbound W 16 Ave @ Macdonald St,49.257816,-123.168896,1670524332,-147,1670524332
13276381,121,12-04-2022,-156,6612,1670145204,1670145204,21,Southbound Macdonald St @ Alamein Ave,49.249858,-123.167913,1670145048,-156,1670145048
13276223,1379,11-30-2022,-117,6612,1669860029,1669860029,14,Southbound Macdonald St @ W 4th Ave,49.268064,-123.168411,1669859912,-117,1669859912
13276166,299,11-25-2022,-116,6612,1669429914,1669429914,29,Westbound W 41 Ave @ Blenheim St,49.234831,-123.179103,1669429798,-116,1669429798
13276166,299,12-02-2022,-116,6612,1670034714,1670034714,29,Westbound W 41 Ave @ Blenheim St,49.234831,-123.179103,1670034598,-116,1670034598
13276166,299,11-30-2022,-162,6612,1669861914,1669861914,29,Westbound W 41 Ave @ Blenheim St,49.234831,-123.179103,1669861752,-162,1669861752
13276168,105,11-30-2022,-311,6612,1669865618,1669865618,11,Westbound Cornwall Ave @ Point Grey Rd,49.272731,-123.160216,1669865307,-311,1669865307
13276166,299,11-29-2022,-124,6612,1669775514,1669775514,29,Westbound W 41 Ave @ Blenheim St,49.234831,-123.179103,1669775390,-124,1669775390
13276166,299,12-01-2022,-137,6612,1669948314,1669948314,29,Westbound W 41 Ave @ Blenheim St,49.234831,-123.179103,1669948177,-137,1669948177
13276240,296,11-29-2022,-136,6612,1669787797,1669787797,27,Westbound W 41 Ave @ Mackenzie St,49.234819,-123.170795,1669787661,-136,1669787661
13276198,114,11-29-2022,-129,6612,1669746879,1669746879,19,Westbound W 16 Ave @ Macdonald St,49.257816,-123.168896,1669746750,-129,1669746750
13276198,114,11-25-2022,-117,6612,1669401279,1669401279,19,Westbound W 16 Ave @ Macdonald St,49.257816,-123.168896,1669401162,-117,1669401162
13276207,114,11-28-2022,-160,6612,1669667679,1669667679,19,Westbound W 16 Ave @ Macdonald St,49.257816,-123.168896,1669667519,-160,1669667519
13276116,54,12-06-2022,-131,6612,1670342573,1670342573,22,Eastbound W 16 Ave @ Trutch St,49.257636,-123.175459,1670342442,-131,1670342442
13276161,121,11-28-2022,-138,6612,1669671905,1669671905,21,Southbound Macdonald St @ Alamein Ave,49.249858,-123.167913,1669671767,-138,1669671767
13276215,103,12-06-2022,-197,6612,1670372230,1670372230,9,Westbound Cornwall Ave @ Arbutus St,49.272608,-123.152989,1670372033,-197,1670372033
13276161,121,12-06-2022,-188,6612,1670363105,1670363105,21,Southbound Macdonald St @ Alamein Ave,49.249858,-123.167913,1670362917,-188,1670362917
13276116,54,12-05-2022,-146,6612,1670256173,1670256173,22,Eastbound W 16 Ave @ Trutch St,49.257636,-123.175459,1670256027,-146,1670256027
13276212,115,11-25-2022,-167,6612,1669413309,1669413309,20,Westbound W 16 Ave @ Mackenzie St,49.257839,-123.170777,1669413142,-167,1669413142
13276116,54,12-02-2022,-120,6612,1669996973,1669996973,22,Eastbound W 16 Ave @ Trutch St,49.257636,-123.175459,1669996853,-120,1669996853
13276207,114,11-30-2022,-116,6612,1669840479,1669840479,19,Westbound W 16 Ave @ Macdonald St,49.257816,-123.168896,1669840363,-116,1669840363
13276116,54,12-07-2022,-186,6612,1670428973,1670428973,22,Eastbound W 16 Ave @ Trutch St,49.257636,-123.175459,1670428787,-186,1670428787
13276116,54,12-07-2022,-186,6612,1670428973,1670428973,22,Eastbound W 16 Ave @ Trutch St,49.257636,-123.175459,1670428787,-186,1670428787
13276235,103,11-22-2022,-3931,6612,1669175021,1669175021,9,Westbound Cornwall Ave @ Arbutus St,49.272608,-123.152989,1669171090,-3931,1669171090
13276212,115,12-06-2022,-242,6612,1670363709,1670363709,20,Westbound W 16 Ave @ Mackenzie St,49.257839,-123.170777,1670363467,-242,1670363467
13276202,103,12-06-2022,-122,6612,1670354682,1670354682,9,Westbound Cornwall Ave @ Arbutus St,49.272608,-123.152989,1670354560,-122,1670354560
13276191,45,11-25-2022,-500,6612,1669439056,1669439056,3,Southbound Burrard St @ Robson St,49.283087,-123.123336,1669438556,-500,1669438556
13276191,45,11-25-2022,-500,6612,1669439056,1669439056,3,Southbound Burrard St @ Robson St,49.283087,-123.123336,1669438556,-500,1669438556
13276207,114,12-07-2022,-155,6612,1670445279,1670445279,19,Westbound W 16 Ave @ Macdonald St,49.257816,-123.168896,1670445124,-155,1670445124
13276116,54,11-25-2022,-139,6612,1669392173,1669392173,22,Eastbound W 16 Ave @ Trutch St,49.257636,-123.175459,1669392034,-139,1669392034
13276116,54,11-29-2022,-122,6612,1669737773,1669737773,22,Eastbound W 16 Ave @ Trutch St,49.257636,-123.175459,1669737651,-122,1669737651
13276116,54,11-29-2022,-122,6612,1669737773,1669737773,22,Eastbound W 16 Ave @ Trutch St,49.257636,-123.175459,1669737651,-122,1669737651
13276116,54,11-28-2022,-121,6612,1669651373,1669651373,22,Eastbound W 16 Ave @ Trutch St,49.257636,-123.175459,1669651252,-121,1669651252
13276116,54,11-28-2022,-121,6612,1669651373,1669651373,22,Eastbound W 16 Ave @ Trutch St,49.257636,-123.175459,1669651252,-121,1669651252
13276116,54,11-28-2022,-121,6612,1669651373,1669651373,22,Eastbound W 16 Ave @ Trutch St,49.257636,-123.175459,1669651252,-121,1669651252
13276116,54,11-23-2022,-126,6612,1669219373,1669219373,22,Eastbound W 16 Ave @ Trutch St,49.257636,-123.175459,1669219247,-126,1669219247
13339235,116,11-26-2022,-113,6612,1669501094,1669501094,21,Westbound W 16 Ave @ Balaclava St,49.257904,-123.17458,1669500981,-113,1669500981
13276116,54,12-01-2022,-122,6612,1669910573,1669910573,22,Eastbound W 16 Ave @ Trutch St,49.257636,-123.175459,1669910451,-122,1669910451
13276124,55,12-08-2022,-213,6612,1670512620,1670512620,23,Eastbound W 16 Ave @ Carnarvon St,49.257583,-123.17185,1670512407,-213,1670512407
13276228,299,12-02-2022,-196,6612,1669995668,1669995668,29,Westbound W 41 Ave @ Blenheim St,49.234831,-123.179103,1669995472,-196,1669995472
13276239,299,11-24-2022,-169,6612,1669354694,1669354694,29,Westbound W 41 Ave @ Blenheim St,49.234831,-123.179103,1669354525,-169,1669354525
13276204,299,11-28-2022,-128,6612,1669666320,1669666320,29,Westbound W 41 Ave @ Blenheim St,49.234831,-123.179103,1669666192,-128,1669666192
13276229,1379,11-30-2022,-141,6612,1669862504,1669862504,14,Southbound Macdonald St @ W 4th Ave,49.268064,-123.168411,1669862363,-141,1669862363
13276117,114,12-08-2022,-244,6612,1670516145,1670516145,19,Westbound W 16 Ave @ Macdonald St,49.257816,-123.168896,1670515901,-244,1670515901
13276228,299,12-05-2022,-151,6612,1670254868,1670254868,29,Westbound W 41 Ave @ Blenheim St,49.234831,-123.179103,1670254717,-151,1670254717
13276171,1379,12-07-2022,-133,6612,1670434520,1670434520,14,Southbound Macdonald St @ W 4th Ave,49.268064,-123.168411,1670434387,-133,1670434387
13276229,1379,11-29-2022,-120,6612,1669776104,1669776104,14,Southbound Macdonald St @ W 4th Ave,49.268064,-123.168411,1669775984,-120,1669775984
13276239,299,12-02-2022,-160,6612,1670045894,1670045894,29,Westbound W 41 Ave @ Blenheim St,49.234831,-123.179103,1670045734,-160,1670045734
13276124,55,12-02-2022,-113,6612,1669994220,1669994220,23,Eastbound W 16 Ave @ Carnarvon St,49.257583,-123.17185,1669994107,-113,1669994107
13276117,114,11-25-2022,-112,6612,1669392945,1669392945,19,Westbound W 16 Ave @ Macdonald St,49.257816,-123.168896,1669392833,-112,1669392833
13276155,112,12-06-2022,-242,6612,1670344231,1670344231,18,Southbound Macdonald St @ W 13 Ave,49.260226,-123.168421,1670343989,-242,1670343989
13276228,299,11-25-2022,-121,6612,1669390869,1669390869,29,Westbound W 41 Ave @ Blenheim St,49.234831,-123.179103,1669390748,-121,1669390748
13276171,1379,12-02-2022,-117,6612,1670002520,1670002520,14,Southbound Macdonald St @ W 4th Ave,49.268064,-123.168411,1670002403,-117,1670002403
13276204,299,11-25-2022,-124,6612,1669407120,1669407120,29,Westbound W 41 Ave @ Blenheim St,49.234831,-123.179103,1669406996,-124,1669406996
13276171,1379,11-24-2022,-165,6612,1669311320,1669311320,14,Southbound Macdonald St @ W 4th Ave,49.268064,-123.168411,1669311155,-165,1669311155
13276124,55,11-25-2022,-173,6612,1669389420,1669389420,23,Eastbound W 16 Ave @ Carnarvon St,49.257583,-123.17185,1669389247,-173,1669389247
13276124,55,11-23-2022,-123,6612,1669216620,1669216620,23,Eastbound W 16 Ave @ Carnarvon St,49.257583,-123.17185,1669216497,-123,1669216497
13276124,55,12-05-2022,-114,6612,1670253420,1670253420,23,Eastbound W 16 Ave @ Carnarvon St,49.257583,-123.17185,1670253306,-114,1670253306
13276204,299,12-05-2022,-148,6612,1670271120,1670271120,29,Westbound W 41 Ave @ Blenheim St,49.234831,-123.179103,1670270972,-148,1670270972
13276228,299,11-29-2022,-124,6612,1669736468,1669736468,29,Westbound W 41 Ave @ Blenheim St,49.234831,-123.179103,1669736344,-124,1669736344
13276233,109,12-05-2022,-142,6612,1670295363,1670295363,15,Southbound Macdonald St @ W 6th Ave,49.266274,-123.168483,1670295221,-142,1670295221
13276120,299,11-25-2022,-126,6612,1669385008,1669385008,29,Westbound W 41 Ave @ Blenheim St,49.234831,-123.179103,1669384882,-126,1669384882
13276657,300,11-28-2022,-117,6612,1669622823,1669622823,30,Westbound W 41 Ave @ Collingwood St,49.234836,-123.182546,1669622706,-117,1669622706
13276172,115,11-28-2022,-194,6612,1669658169,1669658169,20,Westbound W 16 Ave @ Mackenzie St,49.257839,-123.170777,1669657975,-194,1669657975
13276235,1379,11-22-2022,-3931,6612,1669175334,1669175334,14,Southbound Macdonald St @ W 4th Ave,49.268064,-123.168411,1669171403,-3931,1669171403
13276659,296,12-05-2022,-140,6612,1670232180,1670232180,27,Westbound W 41 Ave @ Mackenzie St,49.234819,-123.170795,1670232040,-140,1670232040
13276648,299,12-04-2022,-165,6612,1670185023,1670185023,29,Westbound W 41 Ave @ Blenheim St,49.234831,-123.179103,1670184858,-165,1670184858
13276120,299,12-08-2022,-119,6612,1670508207,1670508207,29,Westbound W 41 Ave @ Blenheim St,49.234831,-123.179103,1670508088,-119,1670508088
13276120,299,11-28-2022,-117,6612,1669644207,1669644207,29,Westbound W 41 Ave @ Blenheim St,49.234831,-123.179103,1669644090,-117,1669644090
13276235,1379,11-23-2022,-158,6612,1669261734,1669261734,14,Southbound Macdonald St @ W 4th Ave,49.268064,-123.168411,1669261576,-158,1669261576
13276172,115,12-06-2022,-124,6612,1670349369,1670349369,20,Westbound W 16 Ave @ Mackenzie St,49.257839,-123.170777,1670349245,-124,1670349245
13276230,300,11-28-2022,-129,6612,1669697934,1669697934,30,Westbound W 41 Ave @ Collingwood St,49.234836,-123.182546,1669697805,-129,1669697805
13276230,300,11-23-2022,-163,6612,1669265934,1669265934,30,Westbound W 41 Ave @ Collingwood St,49.234836,-123.182546,1669265771,-163,1669265771
13276657,300,12-05-2022,-178,6612,1670227623,1670227623,30,Westbound W 41 Ave @ Collingwood St,49.234836,-123.182546,1670227445,-178,1670227445
13276659,296,11-28-2022,-128,6612,1669627380,1669627380,27,Westbound W 41 Ave @ Mackenzie St,49.234819,-123.170795,1669627252,-128,1669627252
13276120,299,12-02-2022,-158,6612,1669989807,1669989807,29,Westbound W 41 Ave @ Blenheim St,49.234831,-123.179103,1669989649,-158,1669989649
13276172,115,12-07-2022,-125,6612,1670435769,1670435769,20,Westbound W 16 Ave @ Mackenzie St,49.257839,-123.170777,1670435644,-125,1670435644
13276155,55,12-02-2022,-126,6612,1669998900,1669998900,23,Eastbound W 16 Ave @ Carnarvon St,49.257583,-123.17185,1669998774,-126,1669998774
13276120,299,12-05-2022,-121,6612,1670249007,1670249007,29,Westbound W 41 Ave @ Blenheim St,49.234831,-123.179103,1670248886,-121,1670248886
13276235,1379,11-28-2022,-139,6612,1669693734,1669693734,14,Southbound Macdonald St @ W 4th Ave,49.268064,-123.168411,1669693595,-139,1669693595
13276155,55,12-06-2022,-133,6612,1670344500,1670344500,23,Eastbound W 16 Ave @ Carnarvon St,49.257583,-123.17185,1670344367,-133,1670344367
13276230,300,11-22-2022,-3232,6612,1669179534,1669179534,30,Westbound W 41 Ave @ Collingwood St,49.234836,-123.182546,1669176302,-3232,1669176302
13276230,300,11-22-2022,-3232,6612,1669179534,1669179534,30,Westbound W 41 Ave @ Collingwood St,49.234836,-123.182546,1669176302,-3232,1669176302
13276172,115,11-29-2022,-115,6612,1669744569,1669744569,20,Westbound W 16 Ave @ Mackenzie St,49.257839,-123.170777,1669744454,-115,1669744454
13276137,12671,11-29-2022,-335,6612,1669761941,1669761941,28,Westbound W 41 Ave @ Carnarvon St,49.234826,-123.174148,1669761606,-335,1669761606
13276206,107,12-06-2022,-200,6612,1670353755,1670353755,13,Southbound Macdonald St @ W 1st Ave,49.270753,-123.168323,1670353555,-200,1670353555
13276120,299,11-29-2022,-136,6612,1669730607,1669730607,29,Westbound W 41 Ave @ Blenheim St,49.234831,-123.179103,1669730471,-136,1669730471
13276137,119,11-29-2022,-190,6612,1669761348,1669761348,20,Southbound Macdonald St @ W 21 Ave,49.253375,-123.16787,1669761158,-190,1669761158
13276120,299,12-01-2022,-139,6612,1669903407,1669903407,29,Westbound W 41 Ave @ Blenheim St,49.234831,-123.179103,1669903268,-139,1669903268
13276161,296,11-29-2022,-116,6612,1669758772,1669758772,27,Westbound W 41 Ave @ Mackenzie St,49.234819,-123.170795,1669758656,-116,1669758656
13276148,104,11-30-2022,-420,6612,1669854591,1669854591,10,Westbound Cornwall Ave @ Yew St,49.272645,-123.155439,1669854171,-420,1669854171
13276161,296,12-07-2022,-130,6612,1670449972,1670449972,27,Westbound W 41 Ave @ Mackenzie St,49.234819,-123.170795,1670449842,-130,1670449842
13276161,296,12-06-2022,-255,6612,1670363572,1670363572,27,Westbound W 41 Ave @ Mackenzie St,49.234819,-123.170795,1670363317,-255,1670363317
13276115,296,11-23-2022,-114,6612,1669244392,1669244392,27,Westbound W 41 Ave @ Mackenzie St,49.234819,-123.170795,1669244278,-114,1669244278
13276599,111,11-27-2022,-113,6612,1669577881,1669577881,17,Southbound Macdonald St @ W 11 Ave,49.261885,-123.16835,1669577768,-113,1669577768
13276224,130,11-24-2022,-128,6612,1669333227,1669333227,26,Southbound Mackenzie St @ W 37 Ave,49.238254,-123.170377,1669333099,-128,1669333099
13276224,130,12-02-2022,-117,6612,1670024427,1670024427,26,Southbound Mackenzie St @ W 37 Ave,49.238254,-123.170377,1670024310,-117,1670024310
13276161,296,11-28-2022,-130,6612,1669672372,1669672372,27,Westbound W 41 Ave @ Mackenzie St,49.234819,-123.170795,1669672242,-130,1669672242
13276115,296,11-28-2022,-115,6612,1669676392,1669676392,27,Westbound W 41 Ave @ Mackenzie St,49.234819,-123.170795,1669676277,-115,1669676277
13276161,296,12-05-2022,-127,6612,1670277172,1670277172,27,Westbound W 41 Ave @ Mackenzie St,49.234819,-123.170795,1670277045,-127,1670277045
13276161,296,11-24-2022,-163,6612,1669326772,1669326772,27,Westbound W 41 Ave @ Mackenzie St,49.234819,-123.170795,1669326609,-163,1669326609
13276232,104,11-23-2022,-3476,6612,1669266093,1669266093,10,Westbound Cornwall Ave @ Yew St,49.272645,-123.155439,1669262617,-3476,1669262617
13276137,45,11-29-2022,-201,6612,1669760210,1669760210,3,Southbound Burrard St @ Robson St,49.283087,-123.123336,1669760009,-201,1669760009
13276224,130,11-30-2022,-114,6612,1669851627,1669851627,26,Southbound Mackenzie St @ W 37 Ave,49.238254,-123.170377,1669851513,-114,1669851513
13276161,296,11-30-2022,-118,6612,1669845172,1669845172,27,Westbound W 41 Ave @ Mackenzie St,49.234819,-123.170795,1669845054,-118,1669845054
13276154,1379,11-28-2022,-111,6612,1669653440,1669653440,14,Southbound Macdonald St @ W 4th Ave,49.268064,-123.168411,1669653329,-111,1669653329
13276245,12671,11-25-2022,-132,6612,1669447336,1669447336,28,Westbound W 41 Ave @ Carnarvon St,49.234826,-123.174148,1669447204,-132,1669447204
13276161,300,12-01-2022,-138,6612,1669931745,1669931745,30,Westbound W 41 Ave @ Collingwood St,49.234836,-123.182546,1669931607,-138,1669931607
13339359,300,11-27-2022,-117,6612,1669607142,1669607142,30,Westbound W 41 Ave @ Collingwood St,49.234836,-123.182546,1669607025,-117,1669607025
13276163,646,12-02-2022,-194,6612,1670031180,1670031180,31,Dunbar Loop @ Bay 2,49.234593,-123.18575,1670030986,-194,1670030986
13276161,300,11-29-2022,-134,6612,1669758945,1669758945,30,Westbound W 41 Ave @ Collingwood St,49.234836,-123.182546,1669758811,-134,1669758811
13276245,12671,11-30-2022,-150,6612,1669879336,1669879336,28,Westbound W 41 Ave @ Carnarvon St,49.234826,-123.174148,1669879186,-150,1669879186
13276633,112,12-05-2022,-114,6612,1670234501,1670234501,18,Southbound Macdonald St @ W 13 Ave,49.260226,-123.168421,1670234387,-114,1670234387
13276161,300,11-30-2022,-120,6612,1669845345,1669845345,30,Westbound W 41 Ave @ Collingwood St,49.234836,-123.182546,1669845225,-120,1669845225
13276161,300,11-24-2022,-159,6612,1669326945,1669326945,30,Westbound W 41 Ave @ Collingwood St,49.234836,-123.182546,1669326786,-159,1669326786
13276377,300,11-27-2022,-117,6612,1669537314,1669537314,30,Westbound W 41 Ave @ Collingwood St,49.234836,-123.182546,1669537197,-117,1669537197
13276245,12671,11-28-2022,-148,6612,1669706536,1669706536,28,Westbound W 41 Ave @ Carnarvon St,49.234826,-123.174148,1669706388,-148,1669706388
13276135,114,11-25-2022,-119,6612,1669421010,1669421010,19,Westbound W 16 Ave @ Macdonald St,49.257816,-123.168896,1669420891,-119,1669420891
13276161,300,12-05-2022,-118,6612,1670277345,1670277345,30,Westbound W 41 Ave @ Collingwood St,49.234836,-123.182546,1670277227,-118,1670277227
13339359,300,12-04-2022,-112,6612,1670211942,1670211942,30,Westbound W 41 Ave @ Collingwood St,49.234836,-123.182546,1670211830,-112,1670211830
13276161,300,12-02-2022,-113,6612,1670018145,1670018145,30,Westbound W 41 Ave @ Collingwood St,49.234836,-123.182546,1670018032,-113,1670018032
13276218,116,12-06-2022,-119,6612,1670375220,1670375220,21,Westbound W 16 Ave @ Balaclava St,49.257904,-123.17458,1670375101,-119,1670375101
13276154,1379,11-29-2022,-141,6612,1669739840,1669739840,14,Southbound Macdonald St @ W 4th Ave,49.268064,-123.168411,1669739699,-141,1669739699
13276377,12671,12-04-2022,-151,6612,1670142016,1670142016,28,Westbound W 41 Ave @ Carnarvon St,49.234826,-123.174148,1670141865,-151,1670141865
13276245,12671,11-29-2022,-137,6612,1669792936,1669792936,28,Westbound W 41 Ave @ Carnarvon St,49.234826,-123.174148,1669792799,-137,1669792799
13276633,112,11-28-2022,-126,6612,1669629701,1669629701,18,Southbound Macdonald St @ W 13 Ave,49.260226,-123.168421,1669629575,-126,1669629575
13276153,115,12-02-2022,-135,6612,1670000229,1670000229,20,Westbound W 16 Ave @ Mackenzie St,49.257839,-123.170777,1670000094,-135,1670000094
13276245,12671,12-06-2022,-144,6612,1670397736,1670397736,28,Westbound W 41 Ave @ Carnarvon St,49.234826,-123.174148,1670397592,-144,1670397592
13276153,115,11-24-2022,-113,6612,1669309029,1669309029,20,Westbound W 16 Ave @ Mackenzie St,49.257839,-123.170777,1669308916,-113,1669308916
13276205,124,12-06-2022,-190,6612,1670358384,1670358384,23,Southbound Quesnel Dr @ W King Edward Ave,49.249603,-123.171914,1670358194,-190,1670358194
13276205,124,12-06-2022,-190,6612,1670358384,1670358384,23,Southbound Quesnel Dr @ W King Edward Ave,49.249603,-123.171914,1670358194,-190,1670358194
13276135,114,12-05-2022,-126,6612,1670285010,1670285010,19,Westbound W 16 Ave @ Macdonald St,49.257816,-123.168896,1670284884,-126,1670284884
13276199,114,12-05-2022,-124,6612,1670266479,1670266479,19,Westbound W 16 Ave @ Macdonald St,49.257816,-123.168896,1670266355,-124,1670266355
13276191,126,11-25-2022,-532,6612,1669440197,1669440197,24,Southbound Mackenzie St @ W 29 Ave,49.245848,-123.170308,1669439665,-532,1669439665
13276191,126,11-25-2022,-532,6612,1669440197,1669440197,24,Southbound Mackenzie St @ W 29 Ave,49.245848,-123.170308,1669439665,-532,1669439665
13276199,114,11-28-2022,-159,6612,1669661679,1669661679,19,Westbound W 16 Ave @ Macdonald St,49.257816,-123.168896,1669661520,-159,1669661520
13276245,12671,12-07-2022,-117,6612,1670484136,1670484136,28,Westbound W 41 Ave @ Carnarvon St,49.234826,-123.174148,1670484019,-117,1670484019
13276218,116,12-05-2022,-121,6612,1670288820,1670288820,21,Westbound W 16 Ave @ Balaclava St,49.257904,-123.17458,1670288699,-121,1670288699
13276245,12671,11-24-2022,-126,6612,1669360936,1669360936,28,Westbound W 41 Ave @ Carnarvon St,49.234826,-123.174148,1669360810,-126,1669360810
13276245,12671,11-23-2022,-121,6612,1669274536,1669274536,28,Westbound W 41 Ave @ Carnarvon St,49.234826,-123.174148,1669274415,-121,1669274415
13276155,105,12-06-2022,-155,6612,1670343820,1670343820,11,Westbound Cornwall Ave @ Point Grey Rd,49.272731,-123.160216,1670343665,-155,1670343665
13276161,300,12-07-2022,-115,6612,1670450145,1670450145,30,Westbound W 41 Ave @ Collingwood St,49.234836,-123.182546,1670450030,-115,1670450030
13276163,646,11-28-2022,-128,6612,1669685580,1669685580,31,Dunbar Loop @ Bay 2,49.234593,-123.18575,1669685452,-128,1669685452
13276163,646,12-05-2022,-175,6612,1670290380,1670290380,31,Dunbar Loop @ Bay 2,49.234593,-123.18575,1670290205,-175,1670290205
13276218,116,12-07-2022,-117,6612,1670461620,1670461620,21,Westbound W 16 Ave @ Balaclava St,49.257904,-123.17458,1670461503,-117,1670461503
13276382,119,12-04-2022,-123,6612,1670146943,1670146943,20,Southbound Macdonald St @ W 21 Ave,49.253375,-123.16787,1670146820,-123,1670146820
13276161,300,12-06-2022,-170,6612,1670363745,1670363745,30,Westbound W 41 Ave @ Collingwood St,49.234836,-123.182546,1670363575,-170,1670363575
13276161,300,11-28-2022,-193,6612,1669672545,1669672545,30,Westbound W 41 Ave @ Collingwood St,49.234836,-123.182546,1669672352,-193,1669672352
13276218,116,11-28-2022,-153,6612,1669684020,1669684020,21,Westbound W 16 Ave @ Balaclava St,49.257904,-123.17458,1669683867,-153,1669683867
13276154,1379,12-02-2022,-121,6612,1669999040,1669999040,14,Southbound Macdonald St @ W 4th Ave,49.268064,-123.168411,1669998919,-121,1669998919
13276377,300,12-04-2022,-197,6612,1670142114,1670142114,30,Westbound W 41 Ave @ Collingwood St,49.234836,-123.182546,1670141917,-197,1670141917
13276220,130,12-02-2022,-143,6612,1670031615,1670031615,26,Southbound Mackenzie St @ W 37 Ave,49.238254,-123.170377,1670031472,-143,1670031472
13276413,128,11-26-2022,-112,6612,1669482995,1669482995,25,Southbound Mackenzie St @ W 33 Ave,49.241997,-123.170345,1669482883,-112,1669482883
13276185,1379,11-28-2022,-116,6612,1669676960,1669676960,14,Southbound Macdonald St @ W 4th Ave,49.268064,-123.168411,1669676844,-116,1669676844
13339359,12671,12-04-2022,-114,6612,1670211823,1670211823,28,Westbound W 41 Ave @ Carnarvon St,49.234826,-123.174148,1670211709,-114,1670211709
13276220,130,11-24-2022,-121,6612,1669340416,1669340416,26,Southbound Mackenzie St @ W 37 Ave,49.238254,-123.170377,1669340295,-121,1669340295
13276116,112,12-05-2022,-111,6612,1670255980,1670255980,18,Southbound Macdonald St @ W 13 Ave,49.260226,-123.168421,1670255869,-111,1670255869
13276645,646,11-27-2022,-193,6612,1669583940,1669583940,31,Dunbar Loop @ Bay 2,49.234593,-123.18575,1669583747,-193,1669583747
13339278,106,12-04-2022,-359,6612,1670145381,1670145381,12,Westbound Cornwall Ave @ Trafalgar St,49.272799,-123.164636,1670145022,-359,1670145022
13339278,106,12-04-2022,-359,6612,1670145381,1670145381,12,Westbound Cornwall Ave @ Trafalgar St,49.272799,-123.164636,1670145022,-359,1670145022
13276211,46,11-24-2022,-171,6612,1669324545,1669324545,4,Southbound Burrard St @ Barclay St,49.282068,-123.12488,1669324374,-171,1669324374
13276211,46,11-24-2022,-171,6612,1669324545,1669324545,4,Southbound Burrard St @ Barclay St,49.282068,-123.12488,1669324374,-171,1669324374
13276209,124,12-02-2022,-112,6612,1670015231,1670015231,23,Southbound Quesnel Dr @ W King Edward Ave,49.249603,-123.171914,1670015119,-112,1670015119
13276209,124,11-30-2022,-122,6612,1669842431,1669842431,23,Southbound Quesnel Dr @ W King Edward Ave,49.249603,-123.171914,1669842309,-122,1669842309
13339359,12671,11-27-2022,-144,6612,1669607023,1669607023,28,Westbound W 41 Ave @ Carnarvon St,49.234826,-123.174148,1669606879,-144,1669606879
13276116,112,11-28-2022,-134,6612,1669651180,1669651180,18,Southbound Macdonald St @ W 13 Ave,49.260226,-123.168421,1669651046,-134,1669651046
13276185,1379,12-07-2022,-119,6612,1670454560,1670454560,14,Southbound Macdonald St @ W 4th Ave,49.268064,-123.168411,1670454441,-119,1670454441
13339257,12671,11-26-2022,-188,6612,1669502363,1669502363,28,Westbound W 41 Ave @ Carnarvon St,49.234826,-123.174148,1669502175,-188,1669502175
13276220,130,11-30-2022,-161,6612,1669858815,1669858815,26,Southbound Mackenzie St @ W 37 Ave,49.238254,-123.170377,1669858654,-161,1669858654
13339257,12671,12-03-2022,-144,6612,1670107163,1670107163,28,Westbound W 41 Ave @ Carnarvon St,49.234826,-123.174148,1670107019,-144,1670107019
13276220,130,11-23-2022,-121,6612,1669254016,1669254016,26,Southbound Mackenzie St @ W 37 Ave,49.238254,-123.170377,1669253895,-121,1669253895
13276612,296,11-27-2022,-124,6612,1669610469,1669610469,27,Westbound W 41 Ave @ Mackenzie St,49.234819,-123.170795,1669610345,-124,1669610345
13276137,1379,11-29-2022,-188,6612,1669761025,1669761025,14,Southbound Macdonald St @ W 4th Ave,49.268064,-123.168411,1669760837,-188,1669760837
13276116,112,12-07-2022,-149,6612,1670428780,1670428780,18,Southbound Macdonald St @ W 13 Ave,49.260226,-123.168421,1670428631,-149,1670428631
13276612,296,12-04-2022,-126,6612,1670215269,1670215269,27,Westbound W 41 Ave @ Mackenzie St,49.234819,-123.170795,1670215143,-126,1670215143
13276116,112,11-25-2022,-136,6612,1669391980,1669391980,18,Southbound Macdonald St @ W 13 Ave,49.260226,-123.168421,1669391844,-136,1669391844
13276138,300,12-02-2022,-148,6612,1670053134,1670053134,30,Westbound W 41 Ave @ Collingwood St,49.234836,-123.182546,1670052986,-148,1670052986
13276654,109,12-05-2022,-135,6612,1670232593,1670232593,15,Southbound Macdonald St @ W 6th Ave,49.266274,-123.168483,1670232458,-135,1670232458
13276585,107,12-04-2022,-133,6612,1670186074,1670186074,13,Southbound Macdonald St @ W 1st Ave,49.270753,-123.168323,1670185941,-133,1670185941
13276138,300,12-01-2022,-117,6612,1669966734,1669966734,30,Westbound W 41 Ave @ Collingwood St,49.234836,-123.182546,1669966617,-117,1669966617
13276138,300,11-24-2022,-147,6612,1669361934,1669361934,30,Westbound W 41 Ave @ Collingwood St,49.234836,-123.182546,1669361787,-147,1669361787
13276138,300,11-25-2022,-129,6612,1669448334,1669448334,30,Westbound W 41 Ave @ Collingwood St,49.234836,-123.182546,1669448205,-129,1669448205
13276235,112,11-22-2022,-3853,6612,1669175510,1669175510,18,Southbound Macdonald St @ W 13 Ave,49.260226,-123.168421,1669171657,-3853,1669171657
13276168,124,11-30-2022,-380,6612,1669866256,1669866256,23,Southbound Quesnel Dr @ W King Edward Ave,49.249603,-123.171914,1669865876,-380,1669865876
13276138,300,12-05-2022,-170,6612,1670312334,1670312334,30,Westbound W 41 Ave @ Collingwood St,49.234836,-123.182546,1670312164,-170,1670312164
13276654,109,11-28-2022,-114,6612,1669627793,1669627793,15,Southbound Macdonald St @ W 6th Ave,49.266274,-123.168483,1669627679,-114,1669627679
13276227,107,11-28-2022,-124,6612,1669708820,1669708820,13,Southbound Macdonald St @ W 1st Ave,49.270753,-123.168323,1669708696,-124,1669708696
13276138,300,12-07-2022,-112,6612,1670485134,1670485134,30,Westbound W 41 Ave @ Collingwood St,49.234836,-123.182546,1670485022,-112,1670485022
13276121,299,11-29-2022,-134,6612,1669731974,1669731974,29,Westbound W 41 Ave @ Blenheim St,49.234831,-123.179103,1669731840,-134,1669731840
13276235,112,11-23-2022,-117,6612,1669261910,1669261910,18,Southbound Macdonald St @ W 13 Ave,49.260226,-123.168421,1669261793,-117,1669261793
13276138,300,11-23-2022,-125,6612,1669275534,1669275534,30,Westbound W 41 Ave @ Collingwood St,49.234836,-123.182546,1669275409,-125,1669275409
13276238,12671,11-29-2022,-137,6612,1669783636,1669783636,28,Westbound W 41 Ave @ Carnarvon St,49.234826,-123.174148,1669783499,-137,1669783499
13276138,300,11-22-2022,-165,6612,1669189134,1669189134,30,Westbound W 41 Ave @ Collingwood St,49.234836,-123.182546,1669188969,-165,1669188969
13276121,299,11-25-2022,-145,6612,1669386374,1669386374,29,Westbound W 41 Ave @ Blenheim St,49.234831,-123.179103,1669386229,-145,1669386229
13276235,112,11-28-2022,-156,6612,1669693910,1669693910,18,Southbound Macdonald St @ W 13 Ave,49.260226,-123.168421,1669693754,-156,1669693754
13276158,111,11-23-2022,-112,6612,1669252516,1669252516,17,Southbound Macdonald St @ W 11 Ave,49.261885,-123.16835,1669252404,-112,1669252404
13276138,300,12-06-2022,-116,6612,1670398734,1670398734,30,Westbound W 41 Ave @ Collingwood St,49.234836,-123.182546,1670398618,-116,1670398618
13276155,109,12-06-2022,-230,6612,1670344083,1670344083,15,Southbound Macdonald St @ W 6th Ave,49.266274,-123.168483,1670343853,-230,1670343853
13339268,299,11-26-2022,-149,6612,1669515586,1669515586,29,Westbound W 41 Ave @ Blenheim St,49.234831,-123.179103,1669515437,-149,1669515437
13276187,646,12-08-2022,-202,6612,1670551080,1670551080,31,Dunbar Loop @ Bay 2,49.234593,-123.18575,1670550878,-202,1670550878
13276142,12671,12-06-2022,-224,6612,1670318902,1670318902,28,Westbound W 41 Ave @ Carnarvon St,49.234826,-123.174148,1670318678,-224,1670318678
13276115,12671,11-23-2022,-125,6612,1669244441,1669244441,28,Westbound W 41 Ave @ Carnarvon St,49.234826,-123.174148,1669244316,-125,1669244316
13276142,12671,11-29-2022,-245,6612,1669714102,1669714102,28,Westbound W 41 Ave @ Carnarvon St,49.234826,-123.174148,1669713857,-245,1669713857
13276131,107,12-01-2022,-112,6612,1669912875,1669912875,13,Southbound Macdonald St @ W 1st Ave,49.270753,-123.168323,1669912763,-112,1669912763
13276161,8535,12-06-2022,-1294,6612,1670361821,1670361821,2,Burrard Station @ Bay 1,49.285306,-123.119982,1670360527,-1294,1670360527
13276161,8535,12-06-2022,-1294,6612,1670361821,1670361821,2,Burrard Station @ Bay 1,49.285306,-123.119982,1670360527,-1294,1670360527
13276208,116,11-30-2022,-147,6612,1669841771,1669841771,21,Westbound W 16 Ave @ Balaclava St,49.257904,-123.17458,1669841624,-147,1669841624
13276208,116,11-30-2022,-147,6612,1669841771,1669841771,21,Westbound W 16 Ave @ Balaclava St,49.257904,-123.17458,1669841624,-147,1669841624
13276115,12671,11-28-2022,-126,6612,1669676441,1669676441,28,Westbound W 41 Ave @ Carnarvon St,49.234826,-123.174148,1669676315,-126,1669676315
13276418,123,12-04-2022,-130,6612,1670147672,1670147672,22,Westbound W King Edward Ave @ Puget Dr,49.249627,-123.170432,1670147542,-130,1670147542
13339278,45,12-04-2022,-231,6612,1670144836,1670144836,3,Southbound Burrard St @ Robson St,49.283087,-123.123336,1670144605,-231,1670144605
13339278,45,12-04-2022,-231,6612,1670144836,1670144836,3,Southbound Burrard St @ Robson St,49.283087,-123.123336,1670144605,-231,1670144605
13276215,115,12-05-2022,-142,6612,1670286481,1670286481,20,Westbound W 16 Ave @ Mackenzie St,49.257839,-123.170777,1670286339,-142,1670286339
13276215,115,12-06-2022,-129,6612,1670372881,1670372881,20,Westbound W 16 Ave @ Mackenzie St,49.257839,-123.170777,1670372752,-129,1670372752
13276191,121,11-25-2022,-475,6612,1669440024,1669440024,21,Southbound Macdonald St @ Alamein Ave,49.249858,-123.167913,1669439549,-475,1669439549
13276191,121,11-25-2022,-475,6612,1669440024,1669440024,21,Southbound Macdonald St @ Alamein Ave,49.249858,-123.167913,1669439549,-475,1669439549
13339362,126,12-04-2022,-161,6612,1670216839,1670216839,24,Southbound Mackenzie St @ W 29 Ave,49.245848,-123.170308,1670216678,-161,1670216678
13276191,103,11-25-2022,-437,6612,1669439465,1669439465,9,Westbound Cornwall Ave @ Arbutus St,49.272608,-123.152989,1669439028,-437,1669439028
13276191,103,11-25-2022,-437,6612,1669439465,1669439465,9,Westbound Cornwall Ave @ Arbutus St,49.272608,-123.152989,1669439028,-437,1669439028
13339238,54,12-03-2022,-150,6612,1670109533,1670109533,22,Eastbound W 16 Ave @ Trutch St,49.257636,-123.175459,1670109383,-150,1670109383
13276215,115,11-29-2022,-319,6612,1669768081,1669768081,20,Westbound W 16 Ave @ Mackenzie St,49.257839,-123.170777,1669767762,-319,1669767762
13276215,115,11-24-2022,-158,6612,1669336081,1669336081,20,Westbound W 16 Ave @ Mackenzie St,49.257839,-123.170777,1669335923,-158,1669335923
13276176,646,12-08-2022,-153,6612,1670544540,1670544540,31,Dunbar Loop @ Bay 2,49.234593,-123.18575,1670544387,-153,1670544387
13276239,130,11-24-2022,-133,6612,1669354529,1669354529,26,Southbound Mackenzie St @ W 37 Ave,49.238254,-123.170377,1669354396,-133,1669354396
13276176,646,11-29-2022,-111,6612,1669766940,1669766940,31,Dunbar Loop @ Bay 2,49.234593,-123.18575,1669766829,-111,1669766829
13339362,123,12-04-2022,-135,6612,1670216720,1670216720,22,Westbound W King Edward Ave @ Puget Dr,49.249627,-123.170432,1670216585,-135,1670216585
13276197,45,12-05-2022,-259,6612,1670263470,1670263470,3,Southbound Burrard St @ Robson St,49.283087,-123.123336,1670263211,-259,1670263211
13276245,130,12-06-2022,-117,6612,1670397629,1670397629,26,Southbound Mackenzie St @ W 37 Ave,49.238254,-123.170377,1670397512,-117,1670397512
13276176,646,11-25-2022,-143,6612,1669421340,1669421340,31,Dunbar Loop @ Bay 2,49.234593,-123.18575,1669421197,-143,1669421197
13276170,110,11-24-2022,-196,6612,1669328751,1669328751,16,Southbound Macdonald St @ W Broadway,49.264268,-123.168373,1669328555,-196,1669328555
13276176,646,12-07-2022,-157,6612,1670458140,1670458140,31,Dunbar Loop @ Bay 2,49.234593,-123.18575,1670457983,-157,1670457983
13276176,646,12-02-2022,-113,6612,1670026140,1670026140,31,Dunbar Loop @ Bay 2,49.234593,-123.18575,1670026027,-113,1670026027
13276245,130,11-24-2022,-123,6612,1669360829,1669360829,26,Southbound Mackenzie St @ W 37 Ave,49.238254,-123.170377,1669360706,-123,1669360706
13276245,130,11-29-2022,-174,6612,1669792829,1669792829,26,Southbound Mackenzie St @ W 37 Ave,49.238254,-123.170377,1669792655,-174,1669792655
13276176,646,11-24-2022,-111,6612,1669334940,1669334940,31,Dunbar Loop @ Bay 2,49.234593,-123.18575,1669334829,-111,1669334829
13276176,646,11-23-2022,-159,6612,1669248540,1669248540,31,Dunbar Loop @ Bay 2,49.234593,-123.18575,1669248381,-159,1669248381
13276232,103,11-23-2022,-3482,6612,1669266065,1669266065,9,Westbound Cornwall Ave @ Arbutus St,49.272608,-123.152989,1669262583,-3482,1669262583
13276219,109,11-28-2022,-178,6612,1669685158,1669685158,15,Southbound Macdonald St @ W 6th Ave,49.266274,-123.168483,1669684980,-178,1669684980
13276245,130,11-28-2022,-121,6612,1669706429,1669706429,26,Southbound Mackenzie St @ W 37 Ave,49.238254,-123.170377,1669706308,-121,1669706308
13276219,109,11-30-2022,-122,6612,1669857958,1669857958,15,Southbound Macdonald St @ W 6th Ave,49.266274,-123.168483,1669857836,-122,1669857836
13276585,115,12-04-2022,-135,6612,1670186414,1670186414,20,Westbound W 16 Ave @ Mackenzie St,49.257839,-123.170777,1670186279,-135,1670186279
13276245,130,11-30-2022,-125,6612,1669879229,1669879229,26,Southbound Mackenzie St @ W 37 Ave,49.238254,-123.170377,1669879104,-125,1669879104
13276170,110,12-02-2022,-244,6612,1670019951,1670019951,16,Southbound Macdonald St @ W Broadway,49.264268,-123.168373,1670019707,-244,1670019707
13276188,101,11-30-2022,-774,6612,1669826283,1669826283,8,Westbound Cornwall Ave @ Cypress St,49.272539,-123.148302,1669825509,-774,1669825509
13276188,101,11-30-2022,-774,6612,1669826283,1669826283,8,Westbound Cornwall Ave @ Cypress St,49.272539,-123.148302,1669825509,-774,1669825509
13276188,101,11-30-2022,-774,6612,1669826283,1669826283,8,Westbound Cornwall Ave @ Cypress St,49.272539,-123.148302,1669825509,-774,1669825509
13276396,1379,12-03-2022,-145,6612,1670130672,1670130672,14,Southbound Macdonald St @ W 4th Ave,49.268064,-123.168411,1670130527,-145,1670130527
13276176,646,11-30-2022,-153,6612,1669853340,1669853340,31,Dunbar Loop @ Bay 2,49.234593,-123.18575,1669853187,-153,1669853187
13276115,124,11-23-2022,-216,6612,1669244051,1669244051,23,Southbound Quesnel Dr @ W King Edward Ave,49.249603,-123.171914,1669243835,-216,1669243835
13276197,12671,12-05-2022,-363,6612,1670264999,1670264999,28,Westbound W 41 Ave @ Carnarvon St,49.234826,-123.174148,1670264636,-363,1670264636
13276235,104,11-22-2022,-3925,6612,1669175058,1669175058,10,Westbound Cornwall Ave @ Yew St,49.272645,-123.155439,1669171133,-3925,1669171133
13276239,130,12-02-2022,-121,6612,1670045729,1670045729,26,Southbound Mackenzie St @ W 37 Ave,49.238254,-123.170377,1670045608,-121,1670045608
13276197,12671,11-25-2022,-112,6612,1669400999,1669400999,28,Westbound W 41 Ave @ Carnarvon St,49.234826,-123.174148,1669400887,-112,1669400887
13276212,114,12-06-2022,-233,6612,1670363679,1670363679,19,Westbound W 16 Ave @ Macdonald St,49.257816,-123.168896,1670363446,-233,1670363446
13276230,107,11-22-2022,-3236,6612,1669178660,1669178660,13,Southbound Macdonald St @ W 1st Ave,49.270753,-123.168323,1669175424,-3236,1669175424
13276163,299,11-28-2022,-112,6612,1669685454,1669685454,29,Westbound W 41 Ave @ Blenheim St,49.234831,-123.179103,1669685342,-112,1669685342
13276135,109,12-05-2022,-162,6612,1670284786,1670284786,15,Southbound Macdonald St @ W 6th Ave,49.266274,-123.168483,1670284624,-162,1670284624
13276380,114,12-04-2022,-150,6612,1670144296,1670144296,19,Westbound W 16 Ave @ Macdonald St,49.257816,-123.168896,1670144146,-150,1670144146
13276135,109,11-25-2022,-135,6612,1669420786,1669420786,15,Southbound Macdonald St @ W 6th Ave,49.266274,-123.168483,1669420651,-135,1669420651
13276380,111,11-27-2022,-115,6612,1669539408,1669539408,17,Southbound Macdonald St @ W 11 Ave,49.261885,-123.16835,1669539293,-115,1669539293
13276163,299,12-05-2022,-163,6612,1670290254,1670290254,29,Westbound W 41 Ave @ Blenheim St,49.234831,-123.179103,1670290091,-163,1670290091
13276380,114,11-27-2022,-128,6612,1669539496,1669539496,19,Westbound W 16 Ave @ Macdonald St,49.257816,-123.168896,1669539368,-128,1669539368
13276212,114,11-25-2022,-155,6612,1669413279,1669413279,19,Westbound W 16 Ave @ Macdonald St,49.257816,-123.168896,1669413124,-155,1669413124
13276149,128,11-25-2022,-159,6612,1669397629,1669397629,25,Southbound Mackenzie St @ W 33 Ave,49.241997,-123.170345,1669397470,-159,1669397470
13276135,109,12-07-2022,-123,6612,1670457586,1670457586,15,Southbound Macdonald St @ W 6th Ave,49.266274,-123.168483,1670457463,-123,1670457463
13276144,296,11-30-2022,-134,6612,1669850932,1669850932,27,Westbound W 41 Ave @ Mackenzie St,49.234819,-123.170795,1669850798,-134,1669850798
13276220,109,12-02-2022,-111,6612,1670030854,1670030854,15,Southbound Macdonald St @ W 6th Ave,49.266274,-123.168483,1670030743,-111,1670030743
13276380,107,12-04-2022,-114,6612,1670144034,1670144034,13,Southbound Macdonald St @ W 1st Ave,49.270753,-123.168323,1670143920,-114,1670143920
13276163,299,12-02-2022,-182,6612,1670031054,1670031054,29,Westbound W 41 Ave @ Blenheim St,49.234831,-123.179103,1670030872,-182,1670030872
13276144,296,12-06-2022,-135,6612,1670369332,1670369332,27,Westbound W 41 Ave @ Mackenzie St,49.234819,-123.170795,1670369197,-135,1670369197
13276191,113,11-25-2022,-434,6612,1669439893,1669439893,19,Southbound Macdonald St @ W 16 Ave,49.257315,-123.168496,1669439459,-434,1669439459
13276191,113,11-25-2022,-434,6612,1669439893,1669439893,19,Southbound Macdonald St @ W 16 Ave,49.257315,-123.168496,1669439459,-434,1669439459
13276380,111,12-04-2022,-135,6612,1670144208,1670144208,17,Southbound Macdonald St @ W 11 Ave,49.261885,-123.16835,1670144073,-135,1670144073
13276149,128,12-02-2022,-118,6612,1670002429,1670002429,25,Southbound Mackenzie St @ W 33 Ave,49.241997,-123.170345,1670002311,-118,1670002311
13276212,106,12-06-2022,-193,6612,1670363272,1670363272,12,Westbound Cornwall Ave @ Trafalgar St,49.272799,-123.164636,1670363079,-193,1670363079
13276120,296,12-01-2022,-112,6612,1669903320,1669903320,27,Westbound W 41 Ave @ Mackenzie St,49.234819,-123.170795,1669903208,-112,1669903208
13276120,296,12-02-2022,-129,6612,1669989720,1669989720,27,Westbound W 41 Ave @ Mackenzie St,49.234819,-123.170795,1669989591,-129,1669989591
13276120,296,11-29-2022,-145,6612,1669730520,1669730520,27,Westbound W 41 Ave @ Mackenzie St,49.234819,-123.170795,1669730375,-145,1669730375
13276395,300,11-26-2022,-114,6612,1669526146,1669526146,30,Westbound W 41 Ave @ Collingwood St,49.234836,-123.182546,1669526032,-114,1669526032
13276221,107,11-30-2022,-114,6612,1669859314,1669859314,13,Southbound Macdonald St @ W 1st Ave,49.270753,-123.168323,1669859200,-114,1669859200
13276221,107,12-06-2022,-120,6612,1670377714,1670377714,13,Southbound Macdonald St @ W 1st Ave,49.270753,-123.168323,1670377594,-120,1670377594
13276123,128,12-01-2022,-141,6612,1669907041,1669907041,25,Southbound Mackenzie St @ W 33 Ave,49.241997,-123.170345,1669906900,-141,1669906900
13276230,646,11-28-2022,-129,6612,1669698000,1669698000,31,Dunbar Loop @ Bay 2,49.234593,-123.18575,1669697871,-129,1669697871
13276120,296,12-08-2022,-126,6612,1670508120,1670508120,27,Westbound W 41 Ave @ Mackenzie St,49.234819,-123.170795,1670507994,-126,1670507994
13276221,107,12-02-2022,-129,6612,1670032114,1670032114,13,Southbound Macdonald St @ W 1st Ave,49.270753,-123.168323,1670031985,-129,1670031985
13276155,106,12-06-2022,-191,6612,1670343892,1670343892,12,Westbound Cornwall Ave @ Trafalgar St,49.272799,-123.164636,1670343701,-191,1670343701
13276221,107,11-29-2022,-117,6612,1669772914,1669772914,13,Southbound Macdonald St @ W 1st Ave,49.270753,-123.168323,1669772797,-117,1669772797
13276123,128,11-30-2022,-113,6612,1669820641,1669820641,25,Southbound Mackenzie St @ W 33 Ave,49.241997,-123.170345,1669820528,-113,1669820528
13276123,128,12-06-2022,-121,6612,1670339041,1670339041,25,Southbound Mackenzie St @ W 33 Ave,49.241997,-123.170345,1670338920,-121,1670338920
13276123,128,11-24-2022,-113,6612,1669302242,1669302242,25,Southbound Mackenzie St @ W 33 Ave,49.241997,-123.170345,1669302129,-113,1669302129
13276123,128,12-07-2022,-116,6612,1670425441,1670425441,25,Southbound Mackenzie St @ W 33 Ave,49.241997,-123.170345,1670425325,-116,1670425325
13276120,296,11-25-2022,-119,6612,1669384921,1669384921,27,Westbound W 41 Ave @ Mackenzie St,49.234819,-123.170795,1669384802,-119,1669384802
13276123,128,11-25-2022,-119,6612,1669388642,1669388642,25,Southbound Mackenzie St @ W 33 Ave,49.241997,-123.170345,1669388523,-119,1669388523
13276123,128,11-29-2022,-112,6612,1669734241,1669734241,25,Southbound Mackenzie St @ W 33 Ave,49.241997,-123.170345,1669734129,-112,1669734129
13276230,646,11-23-2022,-163,6612,1669266000,1669266000,31,Dunbar Loop @ Bay 2,49.234593,-123.18575,1669265837,-163,1669265837
13276230,646,11-22-2022,-3232,6612,1669179600,1669179600,31,Dunbar Loop @ Bay 2,49.234593,-123.18575,1669176368,-3232,1669176368
13276230,646,11-22-2022,-3232,6612,1669179600,1669179600,31,Dunbar Loop @ Bay 2,49.234593,-123.18575,1669176368,-3232,1669176368
13339274,12671,12-03-2022,-134,6612,1670127343,1670127343,28,Westbound W 41 Ave @ Carnarvon St,49.234826,-123.174148,1670127209,-134,1670127209
13276393,646,11-26-2022,-137,6612,1669525020,1669525020,31,Dunbar Loop @ Bay 2,49.234593,-123.18575,1669524883,-137,1669524883
13276380,115,12-04-2022,-160,6612,1670144320,1670144320,20,Westbound W 16 Ave @ Mackenzie St,49.257839,-123.170777,1670144160,-160,1670144160
13276599,55,11-27-2022,-182,6612,1669578180,1669578180,23,Eastbound W 16 Ave @ Carnarvon St,49.257583,-123.17185,1669577998,-182,1669577998
13276380,115,11-27-2022,-139,6612,1669539520,1669539520,20,Westbound W 16 Ave @ Mackenzie St,49.257839,-123.170777,1669539381,-139,1669539381
13276379,12671,11-27-2022,-129,6612,1669539016,1669539016,28,Westbound W 41 Ave @ Carnarvon St,49.234826,-123.174148,1669538887,-129,1669538887
13276161,124,12-06-2022,-130,6612,1670363231,1670363231,23,Southbound Quesnel Dr @ W King Edward Ave,49.249603,-123.171914,1670363101,-130,1670363101
13276205,128,12-06-2022,-241,6612,1670358553,1670358553,25,Southbound Mackenzie St @ W 33 Ave,49.241997,-123.170345,1670358312,-241,1670358312
13276205,128,12-06-2022,-241,6612,1670358553,1670358553,25,Southbound Mackenzie St @ W 33 Ave,49.241997,-123.170345,1670358312,-241,1670358312
13276140,646,12-08-2022,-194,6612,1670488380,1670488380,31,Dunbar Loop @ Bay 2,49.234593,-123.18575,1670488186,-194,1670488186
13276137,113,11-29-2022,-155,6612,1669761260,1669761260,19,Southbound Macdonald St @ W 16 Ave,49.257315,-123.168496,1669761105,-155,1669761105
13276132,54,11-28-2022,-204,6612,1669678851,1669678851,22,Eastbound W 16 Ave @ Trutch St,49.257636,-123.175459,1669678647,-204,1669678647
13276413,12671,11-26-2022,-167,6612,1669483162,1669483162,28,Westbound W 41 Ave @ Carnarvon St,49.234826,-123.174148,1669482995,-167,1669482995
13276140,646,12-07-2022,-133,6612,1670401980,1670401980,31,Dunbar Loop @ Bay 2,49.234593,-123.18575,1670401847,-133,1670401847
13276192,121,11-29-2022,-115,6612,1669747345,1669747345,21,Southbound Macdonald St @ Alamein Ave,49.249858,-123.167913,1669747230,-115,1669747230
13276132,54,12-01-2022,-113,6612,1669938051,1669938051,22,Eastbound W 16 Ave @ Trutch St,49.257636,-123.175459,1669937938,-113,1669937938
13276140,646,12-06-2022,-140,6612,1670315580,1670315580,31,Dunbar Loop @ Bay 2,49.234593,-123.18575,1670315440,-140,1670315440
13276393,646,12-03-2022,-165,6612,1670129820,1670129820,31,Dunbar Loop @ Bay 2,49.234593,-123.18575,1670129655,-165,1670129655
13276132,54,12-06-2022,-125,6612,1670370051,1670370051,22,Eastbound W 16 Ave @ Trutch St,49.257636,-123.175459,1670369926,-125,1670369926
13276161,124,11-28-2022,-167,6612,1669672031,1669672031,23,Southbound Quesnel Dr @ W King Edward Ave,49.249603,-123.171914,1669671864,-167,1669671864
13276140,646,11-29-2022,-134,6612,1669710780,1669710780,31,Dunbar Loop @ Bay 2,49.234593,-123.18575,1669710646,-134,1669710646
13276599,55,12-04-2022,-125,6612,1670182980,1670182980,23,Eastbound W 16 Ave @ Carnarvon St,49.257583,-123.17185,1670182855,-125,1670182855
13276379,12671,12-04-2022,-145,6612,1670143816,1670143816,28,Westbound W 41 Ave @ Carnarvon St,49.234826,-123.174148,1670143671,-145,1670143671
13276205,128,11-24-2022,-116,6612,1669321754,1669321754,25,Southbound Mackenzie St @ W 33 Ave,49.241997,-123.170345,1669321638,-116,1669321638
13276657,130,12-05-2022,-124,6612,1670227439,1670227439,26,Southbound Mackenzie St @ W 37 Ave,49.238254,-123.170377,1670227315,-124,1670227315
13276128,54,11-28-2022,-134,6612,1669651973,1669651973,22,Eastbound W 16 Ave @ Trutch St,49.257636,-123.175459,1669651839,-134,1669651839
13276657,130,12-04-2022,-265,6612,1670227439,1670227439,26,Southbound Mackenzie St @ W 37 Ave,49.238254,-123.170377,1670227174,-265,1670227174
13276128,54,11-29-2022,-133,6612,1669738373,1669738373,22,Eastbound W 16 Ave @ Trutch St,49.257636,-123.175459,1669738240,-133,1669738240
13276128,54,12-08-2022,-138,6612,1670515973,1670515973,22,Eastbound W 16 Ave @ Trutch St,49.257636,-123.175459,1670515835,-138,1670515835
13276176,130,12-07-2022,-158,6612,1670457812,1670457812,26,Southbound Mackenzie St @ W 37 Ave,49.238254,-123.170377,1670457654,-158,1670457654
13276176,130,11-23-2022,-172,6612,1669248213,1669248213,26,Southbound Mackenzie St @ W 37 Ave,49.238254,-123.170377,1669248041,-172,1669248041
13276145,299,12-07-2022,-129,6612,1670465934,1670465934,29,Westbound W 41 Ave @ Blenheim St,49.234831,-123.179103,1670465805,-129,1670465805
13276128,54,12-05-2022,-145,6612,1670256773,1670256773,22,Eastbound W 16 Ave @ Trutch St,49.257636,-123.175459,1670256628,-145,1670256628
13276145,299,11-30-2022,-118,6612,1669861134,1669861134,29,Westbound W 41 Ave @ Blenheim St,49.234831,-123.179103,1669861016,-118,1669861016
13276128,54,11-25-2022,-126,6612,1669392773,1669392773,22,Eastbound W 16 Ave @ Trutch St,49.257636,-123.175459,1669392647,-126,1669392647
13276145,299,11-29-2022,-117,6612,1669774734,1669774734,29,Westbound W 41 Ave @ Blenheim St,49.234831,-123.179103,1669774617,-117,1669774617
13276128,54,12-02-2022,-161,6612,1669997573,1669997573,22,Eastbound W 16 Ave @ Trutch St,49.257636,-123.175459,1669997412,-161,1669997412
13276176,130,11-30-2022,-134,6612,1669853012,1669853012,26,Southbound Mackenzie St @ W 37 Ave,49.238254,-123.170377,1669852878,-134,1669852878
13276145,299,12-05-2022,-160,6612,1670293134,1670293134,29,Westbound W 41 Ave @ Blenheim St,49.234831,-123.179103,1670292974,-160,1670292974
13276128,54,12-06-2022,-147,6612,1670343173,1670343173,22,Eastbound W 16 Ave @ Trutch St,49.257636,-123.175459,1670343026,-147,1670343026
13276128,54,11-23-2022,-114,6612,1669219973,1669219973,22,Eastbound W 16 Ave @ Trutch St,49.257636,-123.175459,1669219859,-114,1669219859
13276135,115,11-25-2022,-117,6612,1669421041,1669421041,20,Westbound W 16 Ave @ Mackenzie St,49.257839,-123.170777,1669420924,-117,1669420924
13276170,115,11-24-2022,-123,6612,1669328949,1669328949,20,Westbound W 16 Ave @ Mackenzie St,49.257839,-123.170777,1669328826,-123,1669328826
13276170,115,12-02-2022,-285,6612,1670020149,1670020149,20,Westbound W 16 Ave @ Mackenzie St,49.257839,-123.170777,1670019864,-285,1670019864
13339362,300,12-04-2022,-153,6612,1670217226,1670217226,30,Westbound W 41 Ave @ Collingwood St,49.234836,-123.182546,1670217073,-153,1670217073
13276198,107,12-08-2022,-112,6612,1670524155,1670524155,13,Southbound Macdonald St @ W 1st Ave,49.270753,-123.168323,1670524043,-112,1670524043
13276198,1379,12-02-2022,-181,6612,1670005820,1670005820,14,Southbound Macdonald St @ W 4th Ave,49.268064,-123.168411,1670005639,-181,1670005639
13276210,299,12-06-2022,-113,6612,1670362494,1670362494,29,Westbound W 41 Ave @ Blenheim St,49.234831,-123.179103,1670362381,-113,1670362381
13276232,119,11-23-2022,-3356,6612,1669266563,1669266563,20,Southbound Macdonald St @ W 21 Ave,49.253375,-123.16787,1669263207,-3356,1669263207
13276232,119,11-23-2022,-3356,6612,1669266563,1669266563,20,Southbound Macdonald St @ W 21 Ave,49.253375,-123.16787,1669263207,-3356,1669263207
13276207,112,12-07-2022,-152,6612,1670445211,1670445211,18,Southbound Macdonald St @ W 13 Ave,49.260226,-123.168421,1670445059,-152,1670445059
13276204,130,11-28-2022,-119,6612,1669666131,1669666131,26,Southbound Mackenzie St @ W 37 Ave,49.238254,-123.170377,1669666012,-119,1669666012
13276210,299,11-29-2022,-125,6612,1669757694,1669757694,29,Westbound W 41 Ave @ Blenheim St,49.234831,-123.179103,1669757569,-125,1669757569
13276210,299,11-23-2022,-112,6612,1669239294,1669239294,29,Westbound W 41 Ave @ Blenheim St,49.234831,-123.179103,1669239182,-112,1669239182
13276207,112,11-30-2022,-125,6612,1669840411,1669840411,18,Southbound Macdonald St @ W 13 Ave,49.260226,-123.168421,1669840286,-125,1669840286
13276212,111,12-06-2022,-223,6612,1670363570,1670363570,17,Southbound Macdonald St @ W 11 Ave,49.261885,-123.16835,1670363347,-223,1670363347
13276210,299,12-01-2022,-129,6612,1669930494,1669930494,29,Westbound W 41 Ave @ Blenheim St,49.234831,-123.179103,1669930365,-129,1669930365
13276176,124,11-23-2022,-260,6612,1669247965,1669247965,23,Southbound Quesnel Dr @ W King Edward Ave,49.249603,-123.171914,1669247705,-260,1669247705
13276237,115,12-02-2022,-154,6612,1670034716,1670034716,20,Westbound W 16 Ave @ Mackenzie St,49.257839,-123.170777,1670034562,-154,1670034562
13276237,115,11-28-2022,-124,6612,1669689116,1669689116,20,Westbound W 16 Ave @ Mackenzie St,49.257839,-123.170777,1669688992,-124,1669688992
13276135,115,12-05-2022,-146,6612,1670285041,1670285041,20,Westbound W 16 Ave @ Mackenzie St,49.257839,-123.170777,1670284895,-146,1670284895
13276210,299,12-05-2022,-121,6612,1670276094,1670276094,29,Westbound W 41 Ave @ Blenheim St,49.234831,-123.179103,1670275973,-121,1670275973
13276170,115,11-30-2022,-115,6612,1669847349,1669847349,20,Westbound W 16 Ave @ Mackenzie St,49.257839,-123.170777,1669847234,-115,1669847234
13276170,115,11-30-2022,-115,6612,1669847349,1669847349,20,Westbound W 16 Ave @ Mackenzie St,49.257839,-123.170777,1669847234,-115,1669847234
13276207,112,11-28-2022,-177,6612,1669667611,1669667611,18,Southbound Macdonald St @ W 13 Ave,49.260226,-123.168421,1669667434,-177,1669667434
13276210,299,12-02-2022,-117,6612,1670016894,1670016894,29,Westbound W 41 Ave @ Blenheim St,49.234831,-123.179103,1670016777,-117,1670016777
13276656,300,11-28-2022,-145,6612,1669624623,1669624623,30,Westbound W 41 Ave @ Collingwood St,49.234836,-123.182546,1669624478,-145,1669624478
13276198,107,12-02-2022,-181,6612,1670005755,1670005755,13,Southbound Macdonald St @ W 1st Ave,49.270753,-123.168323,1670005574,-181,1670005574
13276204,130,12-05-2022,-149,6612,1670270931,1670270931,26,Southbound Mackenzie St @ W 37 Ave,49.238254,-123.170377,1670270782,-149,1670270782
13276210,299,11-28-2022,-118,6612,1669671294,1669671294,29,Westbound W 41 Ave @ Blenheim St,49.234831,-123.179103,1669671176,-118,1669671176
13276135,115,12-07-2022,-121,6612,1670457841,1670457841,20,Westbound W 16 Ave @ Mackenzie St,49.257839,-123.170777,1670457720,-121,1670457720
13339357,130,11-27-2022,-128,6612,1669605392,1669605392,26,Southbound Mackenzie St @ W 37 Ave,49.238254,-123.170377,1669605264,-128,1669605264
13276189,646,12-01-2022,-191,6612,1669928160,1669928160,31,Dunbar Loop @ Bay 2,49.234593,-123.18575,1669927969,-191,1669927969
13276189,646,12-08-2022,-126,6612,1670532960,1670532960,31,Dunbar Loop @ Bay 2,49.234593,-123.18575,1670532834,-126,1670532834
13276118,116,12-06-2022,-114,6612,1670344091,1670344091,21,Westbound W 16 Ave @ Balaclava St,49.257904,-123.17458,1670343977,-114,1670343977
13276118,116,12-01-2022,-117,6612,1669912091,1669912091,21,Westbound W 16 Ave @ Balaclava St,49.257904,-123.17458,1669911974,-117,1669911974
13276363,55,12-03-2022,-123,6612,1670101200,1670101200,23,Eastbound W 16 Ave @ Carnarvon St,49.257583,-123.17185,1670101077,-123,1670101077
13276189,646,11-24-2022,-111,6612,1669323360,1669323360,31,Dunbar Loop @ Bay 2,49.234593,-123.18575,1669323249,-111,1669323249
13276194,12671,12-02-2022,-188,6612,1670025281,1670025281,28,Westbound W 41 Ave @ Carnarvon St,49.234826,-123.174148,1670025093,-188,1670025093
13276118,116,11-24-2022,-247,6612,1669307291,1669307291,21,Westbound W 16 Ave @ Balaclava St,49.257904,-123.17458,1669307044,-247,1669307044
13276189,646,12-07-2022,-125,6612,1670446560,1670446560,31,Dunbar Loop @ Bay 2,49.234593,-123.18575,1670446435,-125,1670446435
13276189,646,11-23-2022,-115,6612,1669236960,1669236960,31,Dunbar Loop @ Bay 2,49.234593,-123.18575,1669236845,-115,1669236845
13276194,12671,12-06-2022,-142,6612,1670370881,1670370881,28,Westbound W 41 Ave @ Carnarvon St,49.234826,-123.174148,1670370739,-142,1670370739
13276118,116,12-07-2022,-124,6612,1670430491,1670430491,21,Westbound W 16 Ave @ Balaclava St,49.257904,-123.17458,1670430367,-124,1670430367
13276118,116,11-23-2022,-140,6612,1669220891,1669220891,21,Westbound W 16 Ave @ Balaclava St,49.257904,-123.17458,1669220751,-140,1669220751
13276118,116,12-08-2022,-152,6612,1670516891,1670516891,21,Westbound W 16 Ave @ Balaclava St,49.257904,-123.17458,1670516739,-152,1670516739
13276189,646,11-30-2022,-130,6612,1669841760,1669841760,31,Dunbar Loop @ Bay 2,49.234593,-123.18575,1669841630,-130,1669841630
13339360,299,11-27-2022,-113,6612,1669608780,1669608780,29,Westbound W 41 Ave @ Blenheim St,49.234831,-123.179103,1669608667,-113,1669608667
13276118,116,11-25-2022,-221,6612,1669393691,1669393691,21,Westbound W 16 Ave @ Balaclava St,49.257904,-123.17458,1669393470,-221,1669393470
13276240,646,11-29-2022,-119,6612,1669788000,1669788000,31,Dunbar Loop @ Bay 2,49.234593,-123.18575,1669787881,-119,1669787881
13276226,296,12-05-2022,-115,6612,1670294635,1670294635,27,Westbound W 41 Ave @ Mackenzie St,49.234819,-123.170795,1670294520,-115,1670294520
13276212,54,12-06-2022,-137,6612,1670363811,1670363811,22,Eastbound W 16 Ave @ Trutch St,49.257636,-123.175459,1670363674,-137,1670363674
13276185,112,11-30-2022,-155,6612,1669849951,1669849951,18,Southbound Macdonald St @ W 13 Ave,49.260226,-123.168421,1669849796,-155,1669849796
13276182,296,12-06-2022,-131,6612,1670368492,1670368492,27,Westbound W 41 Ave @ Mackenzie St,49.234819,-123.170795,1670368361,-131,1670368361
13276211,107,11-30-2022,-125,6612,1669843755,1669843755,13,Southbound Macdonald St @ W 1st Ave,49.270753,-123.168323,1669843630,-125,1669843630
13276144,126,11-30-2022,-175,6612,1669850681,1669850681,24,Southbound Mackenzie St @ W 29 Ave,49.245848,-123.170308,1669850506,-175,1669850506
13276211,107,12-06-2022,-161,6612,1670362155,1670362155,13,Southbound Macdonald St @ W 1st Ave,49.270753,-123.168323,1670361994,-161,1670361994
13276211,107,12-01-2022,-130,6612,1669930155,1669930155,13,Southbound Macdonald St @ W 1st Ave,49.270753,-123.168323,1669930025,-130,1669930025
13276185,112,12-07-2022,-111,6612,1670454751,1670454751,18,Southbound Macdonald St @ W 13 Ave,49.260226,-123.168421,1670454640,-111,1670454640
13276212,54,11-25-2022,-146,6612,1669413411,1669413411,22,Eastbound W 16 Ave @ Trutch St,49.257636,-123.175459,1669413265,-146,1669413265
13276211,107,11-24-2022,-288,6612,1669325355,1669325355,13,Southbound Macdonald St @ W 1st Ave,49.270753,-123.168323,1669325067,-288,1669325067
13276211,107,11-24-2022,-288,6612,1669325355,1669325355,13,Southbound Macdonald St @ W 1st Ave,49.270753,-123.168323,1669325067,-288,1669325067
13276240,646,12-05-2022,-116,6612,1670306400,1670306400,31,Dunbar Loop @ Bay 2,49.234593,-123.18575,1670306284,-116,1670306284
13276117,115,12-08-2022,-254,6612,1670516174,1670516174,20,Westbound W 16 Ave @ Mackenzie St,49.257839,-123.170777,1670515920,-254,1670515920
13276379,300,12-04-2022,-191,6612,1670143914,1670143914,30,Westbound W 41 Ave @ Collingwood St,49.234836,-123.182546,1670143723,-191,1670143723
13276141,123,12-07-2022,-125,6612,1670403229,1670403229,22,Westbound W King Edward Ave @ Puget Dr,49.249627,-123.170432,1670403104,-125,1670403104
13276143,299,12-06-2022,-122,6612,1670320758,1670320758,29,Westbound W 41 Ave @ Blenheim St,49.234831,-123.179103,1670320636,-122,1670320636
13339257,119,11-26-2022,-131,6612,1669501721,1669501721,20,Southbound Macdonald St @ W 21 Ave,49.253375,-123.16787,1669501590,-131,1669501590
13276235,109,11-23-2022,-168,6612,1669261774,1669261774,15,Southbound Macdonald St @ W 6th Ave,49.266274,-123.168483,1669261606,-168,1669261606
13276173,116,11-25-2022,-129,6612,1669436058,1669436058,21,Westbound W 16 Ave @ Balaclava St,49.257904,-123.17458,1669435929,-129,1669435929
13276173,116,12-06-2022,-253,6612,1670386458,1670386458,21,Westbound W 16 Ave @ Balaclava St,49.257904,-123.17458,1670386205,-253,1670386205
13276365,299,11-26-2022,-242,6612,1669495013,1669495013,29,Westbound W 41 Ave @ Blenheim St,49.234831,-123.179103,1669494771,-242,1669494771
13276235,109,11-28-2022,-150,6612,1669693774,1669693774,15,Southbound Macdonald St @ W 6th Ave,49.266274,-123.168483,1669693624,-150,1669693624
13276173,116,11-22-2022,-126,6612,1669176858,1669176858,21,Westbound W 16 Ave @ Balaclava St,49.257904,-123.17458,1669176732,-126,1669176732
13276230,123,11-22-2022,-3143,6612,1669179092,1669179092,22,Westbound W King Edward Ave @ Puget Dr,49.249627,-123.170432,1669175949,-3143,1669175949
13276230,123,11-22-2022,-3143,6612,1669179092,1669179092,22,Westbound W King Edward Ave @ Puget Dr,49.249627,-123.170432,1669175949,-3143,1669175949
13276173,116,12-07-2022,-3471,6612,1670472858,1670472858,21,Westbound W 16 Ave @ Balaclava St,49.257904,-123.17458,1670469387,-3471,1670469387
13276235,109,11-22-2022,-3936,6612,1669175374,1669175374,15,Southbound Macdonald St @ W 6th Ave,49.266274,-123.168483,1669171438,-3936,1669171438
13276379,300,11-27-2022,-114,6612,1669539114,1669539114,30,Westbound W 41 Ave @ Collingwood St,49.234836,-123.182546,1669539000,-114,1669539000
13276149,296,11-25-2022,-178,6612,1669397776,1669397776,27,Westbound W 41 Ave @ Mackenzie St,49.234819,-123.170795,1669397598,-178,1669397598
13276143,299,11-29-2022,-250,6612,1669715958,1669715958,29,Westbound W 41 Ave @ Blenheim St,49.234831,-123.179103,1669715708,-250,1669715708
13276149,296,12-02-2022,-126,6612,1670002576,1670002576,27,Westbound W 41 Ave @ Mackenzie St,49.234819,-123.170795,1670002450,-126,1670002450
13276173,116,11-28-2022,-216,6612,1669695258,1669695258,21,Westbound W 16 Ave @ Balaclava St,49.257904,-123.17458,1669695042,-216,1669695042
13276117,115,11-25-2022,-122,6612,1669392974,1669392974,20,Westbound W 16 Ave @ Mackenzie St,49.257839,-123.170777,1669392852,-122,1669392852
13276168,123,11-30-2022,-112,6612,1669866220,1669866220,22,Westbound W King Edward Ave @ Puget Dr,49.249627,-123.170432,1669866108,-112,1669866108
13339359,126,12-04-2022,-119,6612,1670211531,1670211531,24,Southbound Mackenzie St @ W 29 Ave,49.245848,-123.170308,1670211412,-119,1670211412
13276188,12671,11-30-2022,-1870,6612,1669827419,1669827419,28,Westbound W 41 Ave @ Carnarvon St,49.234826,-123.174148,1669825549,-1870,1669825549
13276188,12671,11-30-2022,-1870,6612,1669827419,1669827419,28,Westbound W 41 Ave @ Carnarvon St,49.234826,-123.174148,1669825549,-1870,1669825549
13276188,12671,11-30-2022,-1870,6612,1669827419,1669827419,28,Westbound W 41 Ave @ Carnarvon St,49.234826,-123.174148,1669825549,-1870,1669825549
13276188,12671,11-30-2022,-1870,6612,1669827419,1669827419,28,Westbound W 41 Ave @ Carnarvon St,49.234826,-123.174148,1669825549,-1870,1669825549
13276188,12671,11-30-2022,-1870,6612,1669827419,1669827419,28,Westbound W 41 Ave @ Carnarvon St,49.234826,-123.174148,1669825549,-1870,1669825549
13276188,12671,11-30-2022,-1870,6612,1669827419,1669827419,28,Westbound W 41 Ave @ Carnarvon St,49.234826,-123.174148,1669825549,-1870,1669825549
13276188,12671,11-30-2022,-1870,6612,1669827419,1669827419,28,Westbound W 41 Ave @ Carnarvon St,49.234826,-123.174148,1669825549,-1870,1669825549
13339359,126,11-27-2022,-122,6612,1669606731,1669606731,24,Southbound Mackenzie St @ W 29 Ave,49.245848,-123.170308,1669606609,-122,1669606609
13276149,296,11-23-2022,-137,6612,1669224976,1669224976,27,Westbound W 41 Ave @ Mackenzie St,49.234819,-123.170795,1669224839,-137,1669224839
13276161,128,11-30-2022,-113,6612,1669845005,1669845005,25,Southbound Mackenzie St @ W 33 Ave,49.241997,-123.170345,1669844892,-113,1669844892
13276202,109,11-28-2022,-258,6612,1669663863,1669663863,15,Southbound Macdonald St @ W 6th Ave,49.266274,-123.168483,1669663605,-258,1669663605
13276228,300,11-29-2022,-113,6612,1669736511,1669736511,30,Westbound W 41 Ave @ Collingwood St,49.234836,-123.182546,1669736398,-113,1669736398
13276214,299,11-30-2022,-158,6612,1669854593,1669854593,29,Westbound W 41 Ave @ Blenheim St,49.234831,-123.179103,1669854435,-158,1669854435
13276229,110,11-30-2022,-135,6612,1669862603,1669862603,16,Southbound Macdonald St @ W Broadway,49.264268,-123.168373,1669862468,-135,1669862468
13276216,300,12-05-2022,-127,6612,1670288082,1670288082,30,Westbound W 41 Ave @ Collingwood St,49.234836,-123.182546,1670287955,-127,1670287955
13276228,300,12-02-2022,-212,6612,1669995711,1669995711,30,Westbound W 41 Ave @ Collingwood St,49.234836,-123.182546,1669995499,-212,1669995499
13276127,1856,12-02-2022,-4320,6612,1669995240,1669995240,1,Burrard Station @ Bay 4,49.286899,-123.12119,1669990920,-4320,1669990920
13276127,1856,12-02-2022,-4320,6612,1669995240,1669995240,1,Burrard Station @ Bay 4,49.286899,-123.12119,1669990920,-4320,1669990920
13276124,112,12-02-2022,-155,6612,1669993981,1669993981,18,Southbound Macdonald St @ W 13 Ave,49.260226,-123.168421,1669993826,-155,1669993826
13276228,300,11-25-2022,-136,6612,1669390912,1669390912,30,Westbound W 41 Ave @ Collingwood St,49.234836,-123.182546,1669390776,-136,1669390776
13276223,112,11-30-2022,-112,6612,1669860241,1669860241,18,Southbound Macdonald St @ W 13 Ave,49.260226,-123.168421,1669860129,-112,1669860129
13276161,128,11-28-2022,-132,6612,1669672205,1669672205,25,Southbound Mackenzie St @ W 33 Ave,49.241997,-123.170345,1669672073,-132,1669672073
13276214,130,11-30-2022,-115,6612,1669854392,1669854392,26,Southbound Mackenzie St @ W 37 Ave,49.238254,-123.170377,1669854277,-115,1669854277
13276148,54,11-25-2022,-135,6612,1669423308,1669423308,22,Eastbound W 16 Ave @ Trutch St,49.257636,-123.175459,1669423173,-135,1669423173
13276161,104,12-06-2022,-1185,6612,1670362437,1670362437,10,Westbound Cornwall Ave @ Yew St,49.272645,-123.155439,1670361252,-1185,1670361252
13276161,104,12-06-2022,-1185,6612,1670362437,1670362437,10,Westbound Cornwall Ave @ Yew St,49.272645,-123.155439,1670361252,-1185,1670361252
13276418,646,12-04-2022,-273,6612,1670148180,1670148180,31,Dunbar Loop @ Bay 2,49.234593,-123.18575,1670147907,-273,1670147907
13276124,112,12-08-2022,-181,6612,1670512381,1670512381,18,Southbound Macdonald St @ W 13 Ave,49.260226,-123.168421,1670512200,-181,1670512200
13276161,128,12-06-2022,-191,6612,1670363405,1670363405,25,Southbound Mackenzie St @ W 33 Ave,49.241997,-123.170345,1670363214,-191,1670363214
13276418,646,11-27-2022,-219,6612,1669543380,1669543380,31,Dunbar Loop @ Bay 2,49.234593,-123.18575,1669543161,-219,1669543161
13276223,112,11-29-2022,-130,6612,1669773841,1669773841,18,Southbound Macdonald St @ W 13 Ave,49.260226,-123.168421,1669773711,-130,1669773711
13276202,109,12-06-2022,-156,6612,1670355063,1670355063,15,Southbound Macdonald St @ W 6th Ave,49.266274,-123.168483,1670354907,-156,1670354907
13276124,112,12-05-2022,-152,6612,1670253181,1670253181,18,Southbound Macdonald St @ W 13 Ave,49.260226,-123.168421,1670253029,-152,1670253029
13276124,112,11-25-2022,-138,6612,1669389181,1669389181,18,Southbound Macdonald St @ W 13 Ave,49.260226,-123.168421,1669389043,-138,1669389043
13276216,300,11-30-2022,-146,6612,1669856082,1669856082,30,Westbound W 41 Ave @ Collingwood St,49.234836,-123.182546,1669855936,-146,1669855936
13276202,109,11-24-2022,-127,6612,1669318263,1669318263,15,Southbound Macdonald St @ W 6th Ave,49.266274,-123.168483,1669318136,-127,1669318136
13276228,300,12-05-2022,-166,6612,1670254911,1670254911,30,Westbound W 41 Ave @ Collingwood St,49.234836,-123.182546,1670254745,-166,1670254745
13276148,54,11-30-2022,-420,6612,1669855308,1669855308,22,Eastbound W 16 Ave @ Trutch St,49.257636,-123.175459,1669854888,-420,1669854888
13276229,110,11-29-2022,-111,6612,1669776203,1669776203,16,Southbound Macdonald St @ W Broadway,49.264268,-123.168373,1669776092,-111,1669776092
13276141,12671,11-29-2022,-129,6612,1669712362,1669712362,28,Westbound W 41 Ave @ Carnarvon St,49.234826,-123.174148,1669712233,-129,1669712233
13276141,12671,12-06-2022,-138,6612,1670317162,1670317162,28,Westbound W 41 Ave @ Carnarvon St,49.234826,-123.174148,1670317024,-138,1670317024
13276378,109,12-04-2022,-163,6612,1670142322,1670142322,15,Southbound Macdonald St @ W 6th Ave,49.266274,-123.168483,1670142159,-163,1670142159
13276228,128,12-02-2022,-137,6612,1669995421,1669995421,25,Southbound Mackenzie St @ W 33 Ave,49.241997,-123.170345,1669995284,-137,1669995284
13276157,299,11-25-2022,-146,6612,1669405863,1669405863,29,Westbound W 41 Ave @ Blenheim St,49.234831,-123.179103,1669405717,-146,1669405717
13276141,12671,12-01-2022,-134,6612,1669885162,1669885162,28,Westbound W 41 Ave @ Carnarvon St,49.234826,-123.174148,1669885028,-134,1669885028
13276228,128,11-25-2022,-134,6612,1669390622,1669390622,25,Southbound Mackenzie St @ W 33 Ave,49.241997,-123.170345,1669390488,-134,1669390488
13276141,12671,12-07-2022,-119,6612,1670403562,1670403562,28,Westbound W 41 Ave @ Carnarvon St,49.234826,-123.174148,1670403443,-119,1670403443
13276235,101,11-22-2022,-3928,6612,1669174950,1669174950,8,Westbound Cornwall Ave @ Cypress St,49.272539,-123.148302,1669171022,-3928,1669171022
13276197,47,12-05-2022,-210,6612,1670263528,1670263528,5,Southbound Burrard St @ Nelson St,49.280981,-123.126516,1670263318,-210,1670263318
13276633,55,12-05-2022,-114,6612,1670234700,1670234700,23,Eastbound W 16 Ave @ Carnarvon St,49.257583,-123.17185,1670234586,-114,1670234586
13276176,12671,12-08-2022,-117,6612,1670544343,1670544343,28,Westbound W 41 Ave @ Carnarvon St,49.234826,-123.174148,1670544226,-117,1670544226
13276139,110,11-28-2022,-848,6612,1669707852,1669707852,16,Southbound Macdonald St @ W Broadway,49.264268,-123.168373,1669707004,-848,1669707004
13276139,110,11-28-2022,-848,6612,1669707852,1669707852,16,Southbound Macdonald St @ W Broadway,49.264268,-123.168373,1669707004,-848,1669707004
13276139,110,11-28-2022,-848,6612,1669707852,1669707852,16,Southbound Macdonald St @ W Broadway,49.264268,-123.168373,1669707004,-848,1669707004
13276633,55,11-28-2022,-126,6612,1669629900,1669629900,23,Eastbound W 16 Ave @ Carnarvon St,49.257583,-123.17185,1669629774,-126,1669629774
13276131,114,12-01-2022,-125,6612,1669913199,1669913199,19,Westbound W 16 Ave @ Macdonald St,49.257816,-123.168896,1669913074,-125,1669913074
13276131,114,12-07-2022,-145,6612,1670431599,1670431599,19,Westbound W 16 Ave @ Macdonald St,49.257816,-123.168896,1670431454,-145,1670431454
13276176,12671,11-25-2022,-129,6612,1669421143,1669421143,28,Westbound W 41 Ave @ Carnarvon St,49.234826,-123.174148,1669421014,-129,1669421014
13276191,12671,11-25-2022,-590,6612,1669440436,1669440436,28,Westbound W 41 Ave @ Carnarvon St,49.234826,-123.174148,1669439846,-590,1669439846
13276191,12671,11-25-2022,-590,6612,1669440436,1669440436,28,Westbound W 41 Ave @ Carnarvon St,49.234826,-123.174148,1669439846,-590,1669439846
13276380,112,12-04-2022,-153,6612,1670144241,1670144241,18,Southbound Macdonald St @ W 13 Ave,49.260226,-123.168421,1670144088,-153,1670144088
13276176,12671,12-07-2022,-121,6612,1670457943,1670457943,28,Westbound W 41 Ave @ Carnarvon St,49.234826,-123.174148,1670457822,-121,1670457822
13276176,12671,11-30-2022,-116,6612,1669853143,1669853143,28,Westbound W 41 Ave @ Carnarvon St,49.234826,-123.174148,1669853027,-116,1669853027
13276176,12671,12-02-2022,-129,6612,1670025943,1670025943,28,Westbound W 41 Ave @ Carnarvon St,49.234826,-123.174148,1670025814,-129,1670025814
13276161,110,12-06-2022,-1220,6612,1670362787,1670362787,16,Southbound Macdonald St @ W Broadway,49.264268,-123.168373,1670361567,-1220,1670361567
13276161,110,12-06-2022,-1220,6612,1670362787,1670362787,16,Southbound Macdonald St @ W Broadway,49.264268,-123.168373,1670361567,-1220,1670361567
13276380,112,11-27-2022,-127,6612,1669539441,1669539441,18,Southbound Macdonald St @ W 13 Ave,49.260226,-123.168421,1669539314,-127,1669539314
13276176,12671,11-23-2022,-125,6612,1669248344,1669248344,28,Westbound W 41 Ave @ Carnarvon St,49.234826,-123.174148,1669248219,-125,1669248219
13339269,12671,11-26-2022,-113,6612,1669516601,1669516601,28,Westbound W 41 Ave @ Carnarvon St,49.234826,-123.174148,1669516488,-113,1669516488
13276149,299,11-23-2022,-134,6612,1669225083,1669225083,29,Westbound W 41 Ave @ Blenheim St,49.234831,-123.179103,1669224949,-134,1669224949
13276149,299,12-02-2022,-156,6612,1670002683,1670002683,29,Westbound W 41 Ave @ Blenheim St,49.234831,-123.179103,1670002527,-156,1670002527
13276168,104,11-30-2022,-295,6612,1669865556,1669865556,10,Westbound Cornwall Ave @ Yew St,49.272645,-123.155439,1669865261,-295,1669865261
13276659,12671,11-28-2022,-150,6612,1669627415,1669627415,28,Westbound W 41 Ave @ Carnarvon St,49.234826,-123.174148,1669627265,-150,1669627265
13276173,115,11-28-2022,-191,6612,1669695201,1669695201,20,Westbound W 16 Ave @ Mackenzie St,49.257839,-123.170777,1669695010,-191,1669695010
13276166,12671,11-25-2022,-166,6612,1669429841,1669429841,28,Westbound W 41 Ave @ Carnarvon St,49.234826,-123.174148,1669429675,-166,1669429675
13276185,110,11-30-2022,-136,6612,1669849851,1669849851,16,Southbound Macdonald St @ W Broadway,49.264268,-123.168373,1669849715,-136,1669849715
13276659,12671,12-05-2022,-155,6612,1670232215,1670232215,28,Westbound W 41 Ave @ Carnarvon St,49.234826,-123.174148,1670232060,-155,1670232060
13276166,12671,11-28-2022,-133,6612,1669689041,1669689041,28,Westbound W 41 Ave @ Carnarvon St,49.234826,-123.174148,1669688908,-133,1669688908
13276173,115,12-07-2022,-3455,6612,1670472801,1670472801,20,Westbound W 16 Ave @ Mackenzie St,49.257839,-123.170777,1670469346,-3455,1670469346
13339259,126,11-26-2022,-116,6612,1669504438,1669504438,24,Southbound Mackenzie St @ W 29 Ave,49.245848,-123.170308,1669504322,-116,1669504322
13276123,130,12-07-2022,-116,6612,1670425511,1670425511,26,Southbound Mackenzie St @ W 37 Ave,49.238254,-123.170377,1670425395,-116,1670425395
13276123,130,11-29-2022,-139,6612,1669734311,1669734311,26,Southbound Mackenzie St @ W 37 Ave,49.238254,-123.170377,1669734172,-139,1669734172
13276119,109,11-28-2022,-156,6612,1669654683,1669654683,15,Southbound Macdonald St @ W 6th Ave,49.266274,-123.168483,1669654527,-156,1669654527
13276173,115,12-06-2022,-226,6612,1670386401,1670386401,20,Westbound W 16 Ave @ Mackenzie St,49.257839,-123.170777,1670386175,-226,1670386175
13276166,12671,12-01-2022,-166,6612,1669948241,1669948241,28,Westbound W 41 Ave @ Carnarvon St,49.234826,-123.174148,1669948075,-166,1669948075
13276149,299,11-25-2022,-135,6612,1669397883,1669397883,29,Westbound W 41 Ave @ Blenheim St,49.234831,-123.179103,1669397748,-135,1669397748
13276123,130,11-30-2022,-138,6612,1669820711,1669820711,26,Southbound Mackenzie St @ W 37 Ave,49.238254,-123.170377,1669820573,-138,1669820573
13276123,130,11-24-2022,-145,6612,1669302312,1669302312,26,Southbound Mackenzie St @ W 37 Ave,49.238254,-123.170377,1669302167,-145,1669302167
13276123,130,11-23-2022,-113,6612,1669215912,1669215912,26,Southbound Mackenzie St @ W 37 Ave,49.238254,-123.170377,1669215799,-113,1669215799
13276173,115,11-25-2022,-124,6612,1669436001,1669436001,20,Westbound W 16 Ave @ Mackenzie St,49.257839,-123.170777,1669435877,-124,1669435877
13276119,109,12-07-2022,-145,6612,1670432283,1670432283,15,Southbound Macdonald St @ W 6th Ave,49.266274,-123.168483,1670432138,-145,1670432138
13276177,105,11-28-2022,-125,6612,1669687702,1669687702,11,Westbound Cornwall Ave @ Point Grey Rd,49.272731,-123.160216,1669687577,-125,1669687577
13276123,130,12-06-2022,-123,6612,1670339111,1670339111,26,Southbound Mackenzie St @ W 37 Ave,49.238254,-123.170377,1670338988,-123,1670338988
13276173,115,11-22-2022,-152,6612,1669176801,1669176801,20,Westbound W 16 Ave @ Mackenzie St,49.257839,-123.170777,1669176649,-152,1669176649
13276656,128,11-28-2022,-140,6612,1669624381,1669624381,25,Southbound Mackenzie St @ W 33 Ave,49.241997,-123.170345,1669624241,-140,1669624241
13276123,130,11-28-2022,-138,6612,1669647911,1669647911,26,Southbound Mackenzie St @ W 37 Ave,49.238254,-123.170377,1669647773,-138,1669647773
13276149,299,11-29-2022,-111,6612,1669743483,1669743483,29,Westbound W 41 Ave @ Blenheim St,49.234831,-123.179103,1669743372,-111,1669743372
13276166,12671,11-22-2022,-194,6612,1669170641,1669170641,28,Westbound W 41 Ave @ Carnarvon St,49.234826,-123.174148,1669170447,-194,1669170447
13276123,130,12-01-2022,-173,6612,1669907111,1669907111,26,Southbound Mackenzie St @ W 37 Ave,49.238254,-123.170377,1669906938,-173,1669906938
13276648,12671,12-04-2022,-140,6612,1670184959,1670184959,28,Westbound W 41 Ave @ Carnarvon St,49.234826,-123.174148,1670184819,-140,1670184819
13276123,130,11-25-2022,-116,6612,1669388712,1669388712,26,Southbound Mackenzie St @ W 37 Ave,49.238254,-123.170377,1669388596,-116,1669388596
13276166,12671,12-02-2022,-114,6612,1670034641,1670034641,28,Westbound W 41 Ave @ Carnarvon St,49.234826,-123.174148,1670034527,-114,1670034527
13276166,12671,11-30-2022,-134,6612,1669861841,1669861841,28,Westbound W 41 Ave @ Carnarvon St,49.234826,-123.174148,1669861707,-134,1669861707
13276168,128,11-30-2022,-148,6612,1669866409,1669866409,25,Southbound Mackenzie St @ W 33 Ave,49.241997,-123.170345,1669866261,-148,1669866261
13276168,128,12-06-2022,-118,6612,1670384809,1670384809,25,Southbound Mackenzie St @ W 33 Ave,49.241997,-123.170345,1670384691,-118,1670384691
13276223,115,11-29-2022,-145,6612,1669773951,1669773951,20,Westbound W 16 Ave @ Mackenzie St,49.257839,-123.170777,1669773806,-145,1669773806
13276396,55,12-03-2022,-184,6612,1670131080,1670131080,23,Eastbound W 16 Ave @ Carnarvon St,49.257583,-123.17185,1670130896,-184,1670130896
13339268,12671,11-26-2022,-132,6612,1669515509,1669515509,28,Westbound W 41 Ave @ Carnarvon St,49.234826,-123.174148,1669515377,-132,1669515377
13276139,296,11-22-2022,-111,6612,1669190077,1669190077,27,Westbound W 41 Ave @ Mackenzie St,49.234819,-123.170795,1669189966,-111,1669189966
13276196,116,11-25-2022,-159,6612,1669397171,1669397171,21,Westbound W 16 Ave @ Balaclava St,49.257904,-123.17458,1669397012,-159,1669397012
13276382,121,12-04-2022,-137,6612,1670147004,1670147004,21,Southbound Macdonald St @ Alamein Ave,49.249858,-123.167913,1670146867,-137,1670146867
13276223,115,11-30-2022,-130,6612,1669860351,1669860351,20,Westbound W 16 Ave @ Mackenzie St,49.257839,-123.170777,1669860221,-130,1669860221
13276139,296,11-24-2022,-146,6612,1669362877,1669362877,27,Westbound W 41 Ave @ Mackenzie St,49.234819,-123.170795,1669362731,-146,1669362731
13276129,300,12-08-2022,-186,6612,1670516928,1670516928,30,Westbound W 41 Ave @ Collingwood St,49.234836,-123.182546,1670516742,-186,1670516742
13276168,128,11-22-2022,-114,6612,1669175209,1669175209,25,Southbound Mackenzie St @ W 33 Ave,49.241997,-123.170345,1669175095,-114,1669175095
13276139,296,11-30-2022,-130,6612,1669881277,1669881277,27,Westbound W 41 Ave @ Mackenzie St,49.234819,-123.170795,1669881147,-130,1669881147
13276196,116,11-28-2022,-155,6612,1669656371,1669656371,21,Westbound W 16 Ave @ Balaclava St,49.257904,-123.17458,1669656216,-155,1669656216
13276139,296,11-25-2022,-133,6612,1669449277,1669449277,27,Westbound W 41 Ave @ Mackenzie St,49.234819,-123.170795,1669449144,-133,1669449144
13276139,296,11-28-2022,-195,6612,1669708477,1669708477,27,Westbound W 41 Ave @ Mackenzie St,49.234819,-123.170795,1669708282,-195,1669708282
13276206,109,12-06-2022,-210,6612,1670353863,1670353863,15,Southbound Macdonald St @ W 6th Ave,49.266274,-123.168483,1670353653,-210,1670353653
13276139,296,12-06-2022,-131,6612,1670399677,1670399677,27,Westbound W 41 Ave @ Mackenzie St,49.234819,-123.170795,1670399546,-131,1670399546
13276196,116,12-07-2022,-154,6612,1670433971,1670433971,21,Westbound W 16 Ave @ Balaclava St,49.257904,-123.17458,1670433817,-154,1670433817
13276139,296,11-23-2022,-153,6612,1669276477,1669276477,27,Westbound W 41 Ave @ Mackenzie St,49.234819,-123.170795,1669276324,-153,1669276324
13276196,116,12-06-2022,-161,6612,1670347571,1670347571,21,Westbound W 16 Ave @ Balaclava St,49.257904,-123.17458,1670347410,-161,1670347410
13276196,116,12-01-2022,-142,6612,1669915571,1669915571,21,Westbound W 16 Ave @ Balaclava St,49.257904,-123.17458,1669915429,-142,1669915429
13276141,296,12-01-2022,-123,6612,1669885124,1669885124,27,Westbound W 41 Ave @ Mackenzie St,49.234819,-123.170795,1669885001,-123,1669885001
13276128,112,12-06-2022,-111,6612,1670342980,1670342980,18,Southbound Macdonald St @ W 13 Ave,49.260226,-123.168421,1670342869,-111,1670342869
13276197,106,12-05-2022,-212,6612,1670264075,1670264075,12,Westbound Cornwall Ave @ Trafalgar St,49.272799,-123.164636,1670263863,-212,1670263863
13276179,300,12-02-2022,-190,6612,1670036502,1670036502,30,Westbound W 41 Ave @ Collingwood St,49.234836,-123.182546,1670036312,-190,1670036312
13276141,296,11-29-2022,-118,6612,1669712324,1669712324,27,Westbound W 41 Ave @ Mackenzie St,49.234819,-123.170795,1669712206,-118,1669712206
13276154,110,11-29-2022,-135,6612,1669739931,1669739931,16,Southbound Macdonald St @ W Broadway,49.264268,-123.168373,1669739796,-135,1669739796
13276136,128,11-30-2022,-211,6612,1669847225,1669847225,25,Southbound Mackenzie St @ W 33 Ave,49.241997,-123.170345,1669847014,-211,1669847014
13276179,300,12-06-2022,-207,6612,1670382102,1670382102,30,Westbound W 41 Ave @ Collingwood St,49.234836,-123.182546,1670381895,-207,1670381895
13276179,300,11-28-2022,-133,6612,1669690902,1669690902,30,Westbound W 41 Ave @ Collingwood St,49.234836,-123.182546,1669690769,-133,1669690769
13339257,646,11-26-2022,-210,6612,1669502580,1669502580,31,Dunbar Loop @ Bay 2,49.234593,-123.18575,1669502370,-210,1669502370
13276128,112,12-08-2022,-111,6612,1670515780,1670515780,18,Southbound Macdonald St @ W 13 Ave,49.260226,-123.168421,1670515669,-111,1670515669
13276136,128,12-01-2022,-119,6612,1669933625,1669933625,25,Southbound Mackenzie St @ W 33 Ave,49.241997,-123.170345,1669933506,-119,1669933506
13276141,296,12-06-2022,-124,6612,1670317124,1670317124,27,Westbound W 41 Ave @ Mackenzie St,49.234819,-123.170795,1670317000,-124,1670317000
13276412,12671,11-26-2022,-164,6612,1669481962,1669481962,28,Westbound W 41 Ave @ Carnarvon St,49.234826,-123.174148,1669481798,-164,1669481798
13276128,112,11-25-2022,-121,6612,1669392580,1669392580,18,Southbound Macdonald St @ W 13 Ave,49.260226,-123.168421,1669392459,-121,1669392459
13276136,128,12-06-2022,-119,6612,1670365625,1670365625,25,Southbound Mackenzie St @ W 33 Ave,49.241997,-123.170345,1670365506,-119,1670365506
13276128,112,11-28-2022,-123,6612,1669651780,1669651780,18,Southbound Macdonald St @ W 13 Ave,49.260226,-123.168421,1669651657,-123,1669651657
13276154,110,12-02-2022,-118,6612,1669999131,1669999131,16,Southbound Macdonald St @ W Broadway,49.264268,-123.168373,1669999013,-118,1669999013
13276179,300,12-08-2022,-153,6612,1670554902,1670554902,30,Westbound W 41 Ave @ Collingwood St,49.234836,-123.182546,1670554749,-153,1670554749
13339257,646,12-03-2022,-117,6612,1670107380,1670107380,31,Dunbar Loop @ Bay 2,49.234593,-123.18575,1670107263,-117,1670107263
13276396,112,12-03-2022,-154,6612,1670130841,1670130841,18,Southbound Macdonald St @ W 13 Ave,49.260226,-123.168421,1670130687,-154,1670130687
13276179,300,12-01-2022,-224,6612,1669950102,1669950102,30,Westbound W 41 Ave @ Collingwood St,49.234836,-123.182546,1669949878,-224,1669949878
13276128,112,11-29-2022,-128,6612,1669738180,1669738180,18,Southbound Macdonald St @ W 13 Ave,49.260226,-123.168421,1669738052,-128,1669738052
13276154,110,11-28-2022,-114,6612,1669653531,1669653531,16,Southbound Macdonald St @ W Broadway,49.264268,-123.168373,1669653417,-114,1669653417
13276128,112,12-02-2022,-123,6612,1669997380,1669997380,18,Southbound Macdonald St @ W 13 Ave,49.260226,-123.168421,1669997257,-123,1669997257
13276655,646,11-28-2022,-151,6612,1669626660,1669626660,31,Dunbar Loop @ Bay 2,49.234593,-123.18575,1669626509,-151,1669626509
13276179,300,11-22-2022,-168,6612,1669172503,1669172503,30,Westbound W 41 Ave @ Collingwood St,49.234836,-123.182546,1669172335,-168,1669172335
13276179,300,11-30-2022,-114,6612,1669863702,1669863702,30,Westbound W 41 Ave @ Collingwood St,49.234836,-123.182546,1669863588,-114,1669863588
13276128,112,12-05-2022,-119,6612,1670256580,1670256580,18,Southbound Macdonald St @ W 13 Ave,49.260226,-123.168421,1670256461,-119,1670256461
13276654,1379,12-05-2022,-124,6612,1670232562,1670232562,14,Southbound Macdonald St @ W 4th Ave,49.268064,-123.168411,1670232438,-124,1670232438
13276179,300,11-25-2022,-128,6612,1669431702,1669431702,30,Westbound W 41 Ave @ Collingwood St,49.234836,-123.182546,1669431574,-128,1669431574
13276179,300,12-05-2022,-233,6612,1670295702,1670295702,30,Westbound W 41 Ave @ Collingwood St,49.234836,-123.182546,1670295469,-233,1670295469
13339357,300,11-27-2022,-139,6612,1669605642,1669605642,30,Westbound W 41 Ave @ Collingwood St,49.234836,-123.182546,1669605503,-139,1669605503
13339357,300,12-04-2022,-113,6612,1670210442,1670210442,30,Westbound W 41 Ave @ Collingwood St,49.234836,-123.182546,1670210329,-113,1670210329
13276141,296,12-07-2022,-122,6612,1670403524,1670403524,27,Westbound W 41 Ave @ Mackenzie St,49.234819,-123.170795,1670403402,-122,1670403402
13276119,114,12-05-2022,-112,6612,1670259699,1670259699,19,Westbound W 16 Ave @ Macdonald St,49.257816,-123.168896,1670259587,-112,1670259587
13276211,110,11-24-2022,-266,6612,1669325511,1669325511,16,Southbound Macdonald St @ W Broadway,49.264268,-123.168373,1669325245,-266,1669325245
13276211,110,11-24-2022,-266,6612,1669325511,1669325511,16,Southbound Macdonald St @ W Broadway,49.264268,-123.168373,1669325245,-266,1669325245
13276210,646,12-01-2022,-148,6612,1669930620,1669930620,31,Dunbar Loop @ Bay 2,49.234593,-123.18575,1669930472,-148,1669930472
13276164,123,11-23-2022,-133,6612,1669251510,1669251510,22,Westbound W King Edward Ave @ Puget Dr,49.249627,-123.170432,1669251377,-133,1669251377
13276115,646,11-23-2022,-162,6612,1669244640,1669244640,31,Dunbar Loop @ Bay 2,49.234593,-123.18575,1669244478,-162,1669244478
13276210,646,12-06-2022,-129,6612,1670362620,1670362620,31,Dunbar Loop @ Bay 2,49.234593,-123.18575,1670362491,-129,1670362491
13276223,55,11-30-2022,-170,6612,1669860540,1669860540,23,Eastbound W 16 Ave @ Carnarvon St,49.257583,-123.17185,1669860370,-170,1669860370
13276205,119,12-06-2022,-148,6612,1670358188,1670358188,20,Southbound Macdonald St @ W 21 Ave,49.253375,-123.16787,1670358040,-148,1670358040
13276205,119,12-06-2022,-148,6612,1670358188,1670358188,20,Southbound Macdonald St @ W 21 Ave,49.253375,-123.16787,1670358040,-148,1670358040
13276210,646,11-28-2022,-137,6612,1669671420,1669671420,31,Dunbar Loop @ Bay 2,49.234593,-123.18575,1669671283,-137,1669671283
13276119,114,11-28-2022,-155,6612,1669654899,1669654899,19,Westbound W 16 Ave @ Macdonald St,49.257816,-123.168896,1669654744,-155,1669654744
13276223,55,11-23-2022,-119,6612,1669255740,1669255740,23,Eastbound W 16 Ave @ Carnarvon St,49.257583,-123.17185,1669255621,-119,1669255621
13276115,646,11-30-2022,-132,6612,1669849440,1669849440,31,Dunbar Loop @ Bay 2,49.234593,-123.18575,1669849308,-132,1669849308
13339362,299,12-04-2022,-132,6612,1670217180,1670217180,29,Westbound W 41 Ave @ Blenheim St,49.234831,-123.179103,1670217048,-132,1670217048
13276210,646,12-02-2022,-112,6612,1670017020,1670017020,31,Dunbar Loop @ Bay 2,49.234593,-123.18575,1670016908,-112,1670016908
13276211,110,12-01-2022,-112,6612,1669930311,1669930311,16,Southbound Macdonald St @ W Broadway,49.264268,-123.168373,1669930199,-112,1669930199
13276191,119,11-25-2022,-455,6612,1669439963,1669439963,20,Southbound Macdonald St @ W 21 Ave,49.253375,-123.16787,1669439508,-455,1669439508
13276191,119,11-25-2022,-455,6612,1669439963,1669439963,20,Southbound Macdonald St @ W 21 Ave,49.253375,-123.16787,1669439508,-455,1669439508
13276223,55,11-28-2022,-115,6612,1669687740,1669687740,23,Eastbound W 16 Ave @ Carnarvon St,49.257583,-123.17185,1669687625,-115,1669687625
13276223,55,11-28-2022,-115,6612,1669687740,1669687740,23,Eastbound W 16 Ave @ Carnarvon St,49.257583,-123.17185,1669687625,-115,1669687625
13276210,646,12-05-2022,-137,6612,1670276220,1670276220,31,Dunbar Loop @ Bay 2,49.234593,-123.18575,1670276083,-137,1670276083
13276181,646,11-23-2022,-120,6612,1669227180,1669227180,31,Dunbar Loop @ Bay 2,49.234593,-123.18575,1669227060,-120,1669227060
13276211,110,11-30-2022,-160,6612,1669843911,1669843911,16,Southbound Macdonald St @ W Broadway,49.264268,-123.168373,1669843751,-160,1669843751
13276223,55,12-07-2022,-139,6612,1670465340,1670465340,23,Eastbound W 16 Ave @ Carnarvon St,49.257583,-123.17185,1670465201,-139,1670465201
13276115,646,11-28-2022,-130,6612,1669676640,1669676640,31,Dunbar Loop @ Bay 2,49.234593,-123.18575,1669676510,-130,1669676510
13276223,55,11-29-2022,-139,6612,1669774140,1669774140,23,Eastbound W 16 Ave @ Carnarvon St,49.257583,-123.17185,1669774001,-139,1669774001
13276645,12671,11-27-2022,-180,6612,1669583759,1669583759,28,Westbound W 41 Ave @ Carnarvon St,49.234826,-123.174148,1669583579,-180,1669583579
13276119,114,12-07-2022,-116,6612,1670432499,1670432499,19,Westbound W 16 Ave @ Macdonald St,49.257816,-123.168896,1670432383,-116,1670432383
13276210,646,11-29-2022,-144,6612,1669757820,1669757820,31,Dunbar Loop @ Bay 2,49.234593,-123.18575,1669757676,-144,1669757676
13276211,110,12-06-2022,-139,6612,1670362311,1670362311,16,Southbound Macdonald St @ W Broadway,49.264268,-123.168373,1670362172,-139,1670362172
13276210,646,11-23-2022,-132,6612,1669239420,1669239420,31,Dunbar Loop @ Bay 2,49.234593,-123.18575,1669239288,-132,1669239288
13276168,299,12-06-2022,-189,6612,1670385063,1670385063,29,Westbound W 41 Ave @ Blenheim St,49.234831,-123.179103,1670384874,-189,1670384874
13276207,55,11-30-2022,-140,6612,1669840680,1669840680,23,Eastbound W 16 Ave @ Carnarvon St,49.257583,-123.17185,1669840540,-140,1669840540
13276168,299,11-24-2022,-136,6612,1669348263,1669348263,29,Westbound W 41 Ave @ Blenheim St,49.234831,-123.179103,1669348127,-136,1669348127
13276173,112,11-22-2022,-147,6612,1669176710,1669176710,18,Southbound Macdonald St @ W 13 Ave,49.260226,-123.168421,1669176563,-147,1669176563
13276168,299,11-28-2022,-179,6612,1669693863,1669693863,29,Westbound W 41 Ave @ Blenheim St,49.234831,-123.179103,1669693684,-179,1669693684
13276199,112,11-29-2022,-115,6612,1669748011,1669748011,18,Southbound Macdonald St @ W 13 Ave,49.260226,-123.168421,1669747896,-115,1669747896
13276168,299,11-30-2022,-151,6612,1669866663,1669866663,29,Westbound W 41 Ave @ Blenheim St,49.234831,-123.179103,1669866512,-151,1669866512
13276380,55,12-04-2022,-131,6612,1670144460,1670144460,23,Eastbound W 16 Ave @ Carnarvon St,49.257583,-123.17185,1670144329,-131,1670144329
13276177,1379,12-05-2022,-145,6612,1670292749,1670292749,14,Southbound Macdonald St @ W 4th Ave,49.268064,-123.168411,1670292604,-145,1670292604
13276199,112,12-05-2022,-126,6612,1670266411,1670266411,18,Southbound Macdonald St @ W 13 Ave,49.260226,-123.168421,1670266285,-126,1670266285
13276207,55,11-29-2022,-175,6612,1669754280,1669754280,23,Eastbound W 16 Ave @ Carnarvon St,49.257583,-123.17185,1669754105,-175,1669754105
13276207,55,12-01-2022,-112,6612,1669927080,1669927080,23,Eastbound W 16 Ave @ Carnarvon St,49.257583,-123.17185,1669926968,-112,1669926968
13276207,55,12-07-2022,-132,6612,1670445480,1670445480,23,Eastbound W 16 Ave @ Carnarvon St,49.257583,-123.17185,1670445348,-132,1670445348
13276612,12671,12-04-2022,-142,6612,1670215314,1670215314,28,Westbound W 41 Ave @ Carnarvon St,49.234826,-123.174148,1670215172,-142,1670215172
13276173,112,11-28-2022,-180,6612,1669695110,1669695110,18,Southbound Macdonald St @ W 13 Ave,49.260226,-123.168421,1669694930,-180,1669694930
13276173,112,12-06-2022,-212,6612,1670386310,1670386310,18,Southbound Macdonald St @ W 13 Ave,49.260226,-123.168421,1670386098,-212,1670386098
13276380,55,11-27-2022,-170,6612,1669539660,1669539660,23,Eastbound W 16 Ave @ Carnarvon St,49.257583,-123.17185,1669539490,-170,1669539490
13276168,299,11-22-2022,-144,6612,1669175463,1669175463,29,Westbound W 41 Ave @ Blenheim St,49.234831,-123.179103,1669175319,-144,1669175319
13276199,112,11-28-2022,-115,6612,1669661611,1669661611,18,Southbound Macdonald St @ W 13 Ave,49.260226,-123.168421,1669661496,-115,1669661496
13276177,1379,11-28-2022,-165,6612,1669687949,1669687949,14,Southbound Macdonald St @ W 4th Ave,49.268064,-123.168411,1669687784,-165,1669687784
13276197,46,12-05-2022,-236,6612,1670263498,1670263498,4,Southbound Burrard St @ Barclay St,49.282068,-123.12488,1670263262,-236,1670263262
13276612,12671,11-27-2022,-138,6612,1669610514,1669610514,28,Westbound W 41 Ave @ Carnarvon St,49.234826,-123.174148,1669610376,-138,1669610376
13276654,107,12-05-2022,-134,6612,1670232514,1670232514,13,Southbound Macdonald St @ W 1st Ave,49.270753,-123.168323,1670232380,-134,1670232380
13276227,111,11-29-2022,-118,6612,1669708974,1669708974,17,Southbound Macdonald St @ W 11 Ave,49.261885,-123.16835,1669708856,-118,1669708856
13276173,112,12-07-2022,-3492,6612,1670472710,1670472710,18,Southbound Macdonald St @ W 13 Ave,49.260226,-123.168421,1670469218,-3492,1670469218
13276207,55,11-28-2022,-205,6612,1669667880,1669667880,23,Eastbound W 16 Ave @ Carnarvon St,49.257583,-123.17185,1669667675,-205,1669667675
13276168,299,11-25-2022,-161,6612,1669434663,1669434663,29,Westbound W 41 Ave @ Blenheim St,49.234831,-123.179103,1669434502,-161,1669434502
13276179,296,12-02-2022,-135,6612,1670036335,1670036335,27,Westbound W 41 Ave @ Mackenzie St,49.234819,-123.170795,1670036200,-135,1670036200
13276179,296,12-01-2022,-169,6612,1669949935,1669949935,27,Westbound W 41 Ave @ Mackenzie St,49.234819,-123.170795,1669949766,-169,1669949766
13276166,296,11-30-2022,-119,6612,1669861792,1669861792,27,Westbound W 41 Ave @ Mackenzie St,49.234819,-123.170795,1669861673,-119,1669861673
13276197,130,12-05-2022,-346,6612,1670264881,1670264881,26,Southbound Mackenzie St @ W 37 Ave,49.238254,-123.170377,1670264535,-346,1670264535
13276164,124,11-23-2022,-134,6612,1669251551,1669251551,23,Southbound Quesnel Dr @ W King Edward Ave,49.249603,-123.171914,1669251417,-134,1669251417
13276179,296,12-05-2022,-179,6612,1670295535,1670295535,27,Westbound W 41 Ave @ Mackenzie St,49.234819,-123.170795,1670295356,-179,1670295356
13276166,296,11-22-2022,-177,6612,1669170592,1669170592,27,Westbound W 41 Ave @ Mackenzie St,49.234819,-123.170795,1669170415,-177,1669170415
13276140,130,12-08-2022,-127,6612,1670488118,1670488118,26,Southbound Mackenzie St @ W 37 Ave,49.238254,-123.170377,1670487991,-127,1670487991
13276170,105,12-02-2022,-217,6612,1670019640,1670019640,11,Westbound Cornwall Ave @ Point Grey Rd,49.272731,-123.160216,1670019423,-217,1670019423
13276179,296,12-06-2022,-153,6612,1670381935,1670381935,27,Westbound W 41 Ave @ Mackenzie St,49.234819,-123.170795,1670381782,-153,1670381782
13276137,46,11-29-2022,-175,6612,1669760241,1669760241,4,Southbound Burrard St @ Barclay St,49.282068,-123.12488,1669760066,-175,1669760066
13276166,296,12-01-2022,-151,6612,1669948192,1669948192,27,Westbound W 41 Ave @ Mackenzie St,49.234819,-123.170795,1669948041,-151,1669948041
13276166,296,11-28-2022,-117,6612,1669688992,1669688992,27,Westbound W 41 Ave @ Mackenzie St,49.234819,-123.170795,1669688875,-117,1669688875
13276179,296,11-25-2022,-131,6612,1669431535,1669431535,27,Westbound W 41 Ave @ Mackenzie St,49.234819,-123.170795,1669431404,-131,1669431404
13339251,116,11-26-2022,-124,6612,1669520294,1669520294,21,Westbound W 16 Ave @ Balaclava St,49.257904,-123.17458,1669520170,-124,1669520170
13276166,296,11-25-2022,-137,6612,1669429792,1669429792,27,Westbound W 41 Ave @ Mackenzie St,49.234819,-123.170795,1669429655,-137,1669429655
13276166,296,12-02-2022,-120,6612,1670034592,1670034592,27,Westbound W 41 Ave @ Mackenzie St,49.234819,-123.170795,1670034472,-120,1670034472
13276240,130,11-29-2022,-128,6612,1669787729,1669787729,26,Southbound Mackenzie St @ W 37 Ave,49.238254,-123.170377,1669787601,-128,1669787601
13276155,107,12-06-2022,-222,6612,1670343975,1670343975,13,Southbound Macdonald St @ W 1st Ave,49.270753,-123.168323,1670343753,-222,1670343753
13276365,300,11-26-2022,-242,6612,1669495062,1669495062,30,Westbound W 41 Ave @ Collingwood St,49.234836,-123.182546,1669494820,-242,1669494820
13276207,1379,12-07-2022,-120,6612,1670445020,1670445020,14,Southbound Macdonald St @ W 4th Ave,49.268064,-123.168411,1670444900,-120,1670444900
13276205,107,12-06-2022,-121,6612,1670357819,1670357819,13,Southbound Macdonald St @ W 1st Ave,49.270753,-123.168323,1670357698,-121,1670357698
13276205,107,12-06-2022,-121,6612,1670357819,1670357819,13,Southbound Macdonald St @ W 1st Ave,49.270753,-123.168323,1670357698,-121,1670357698
13276207,1379,11-28-2022,-150,6612,1669667420,1669667420,14,Southbound Macdonald St @ W 4th Ave,49.268064,-123.168411,1669667270,-150,1669667270
13276147,299,12-02-2022,-128,6612,1670030334,1670030334,29,Westbound W 41 Ave @ Blenheim St,49.234831,-123.179103,1670030206,-128,1670030206
13276116,109,11-25-2022,-167,6612,1669391839,1669391839,15,Southbound Macdonald St @ W 6th Ave,49.266274,-123.168483,1669391672,-167,1669391672
13276186,110,11-28-2022,-136,6612,1669675251,1669675251,16,Southbound Macdonald St @ W Broadway,49.264268,-123.168373,1669675115,-136,1669675115
13276139,126,11-30-2022,-112,6612,1669881077,1669881077,24,Southbound Mackenzie St @ W 29 Ave,49.245848,-123.170308,1669880965,-112,1669880965
13276227,109,11-28-2022,-124,6612,1669708898,1669708898,15,Southbound Macdonald St @ W 6th Ave,49.266274,-123.168483,1669708774,-124,1669708774
13276116,109,12-07-2022,-129,6612,1670428639,1670428639,15,Southbound Macdonald St @ W 6th Ave,49.266274,-123.168483,1670428510,-129,1670428510
13276230,130,11-22-2022,-3186,6612,1669179329,1669179329,26,Southbound Mackenzie St @ W 37 Ave,49.238254,-123.170377,1669176143,-3186,1669176143
13276230,130,11-22-2022,-3186,6612,1669179329,1669179329,26,Southbound Mackenzie St @ W 37 Ave,49.238254,-123.170377,1669176143,-3186,1669176143
13276378,114,12-04-2022,-130,6612,1670142496,1670142496,19,Westbound W 16 Ave @ Macdonald St,49.257816,-123.168896,1670142366,-130,1670142366
13276170,45,12-02-2022,-181,6612,1670018950,1670018950,3,Southbound Burrard St @ Robson St,49.283087,-123.123336,1670018769,-181,1670018769
13276230,130,11-23-2022,-112,6612,1669265729,1669265729,26,Southbound Mackenzie St @ W 37 Ave,49.238254,-123.170377,1669265617,-112,1669265617
13276139,121,11-28-2022,-915,6612,1669708104,1669708104,21,Southbound Macdonald St @ Alamein Ave,49.249858,-123.167913,1669707189,-915,1669707189
13276139,121,11-28-2022,-915,6612,1669708104,1669708104,21,Southbound Macdonald St @ Alamein Ave,49.249858,-123.167913,1669707189,-915,1669707189
13276139,121,11-28-2022,-915,6612,1669708104,1669708104,21,Southbound Macdonald St @ Alamein Ave,49.249858,-123.167913,1669707189,-915,1669707189
13276139,126,11-24-2022,-115,6612,1669362677,1669362677,24,Southbound Mackenzie St @ W 29 Ave,49.245848,-123.170308,1669362562,-115,1669362562
13276675,112,11-27-2022,-168,6612,1669579120,1669579120,18,Southbound Macdonald St @ W 13 Ave,49.260226,-123.168421,1669578952,-168,1669578952
13276139,126,11-28-2022,-138,6612,1669708277,1669708277,24,Southbound Mackenzie St @ W 29 Ave,49.245848,-123.170308,1669708139,-138,1669708139
13276196,55,11-29-2022,-114,6612,1669742880,1669742880,23,Eastbound W 16 Ave @ Carnarvon St,49.257583,-123.17185,1669742766,-114,1669742766
13276196,54,12-06-2022,-120,6612,1670347611,1670347611,22,Eastbound W 16 Ave @ Trutch St,49.257636,-123.175459,1670347491,-120,1670347491
13276202,112,12-06-2022,-168,6612,1670355211,1670355211,18,Southbound Macdonald St @ W 13 Ave,49.260226,-123.168421,1670355043,-168,1670355043
13276125,12671,11-24-2022,-114,6612,1669303927,1669303927,28,Westbound W 41 Ave @ Carnarvon St,49.234826,-123.174148,1669303813,-114,1669303813
13276125,12671,11-23-2022,-167,6612,1669217527,1669217527,28,Westbound W 41 Ave @ Carnarvon St,49.234826,-123.174148,1669217360,-167,1669217360
13276196,55,12-07-2022,-166,6612,1670434080,1670434080,23,Eastbound W 16 Ave @ Carnarvon St,49.257583,-123.17185,1670433914,-166,1670433914
13276196,55,11-25-2022,-173,6612,1669397280,1669397280,23,Eastbound W 16 Ave @ Carnarvon St,49.257583,-123.17185,1669397107,-173,1669397107
13276237,114,12-02-2022,-139,6612,1670034683,1670034683,19,Westbound W 16 Ave @ Macdonald St,49.257816,-123.168896,1670034544,-139,1670034544
13339278,47,12-04-2022,-206,6612,1670144888,1670144888,5,Southbound Burrard St @ Nelson St,49.280981,-123.126516,1670144682,-206,1670144682
13339278,47,12-04-2022,-206,6612,1670144888,1670144888,5,Southbound Burrard St @ Nelson St,49.280981,-123.126516,1670144682,-206,1670144682
13276233,116,11-24-2022,-160,6612,1669345271,1669345271,21,Westbound W 16 Ave @ Balaclava St,49.257904,-123.17458,1669345111,-160,1669345111
13276234,104,11-22-2022,-211,6612,1669172782,1669172782,10,Westbound Cornwall Ave @ Yew St,49.272645,-123.155439,1669172571,-211,1669172571
13276125,12671,11-29-2022,-204,6612,1669735926,1669735926,28,Westbound W 41 Ave @ Carnarvon St,49.234826,-123.174148,1669735722,-204,1669735722
13276234,104,12-07-2022,-278,6612,1670468782,1670468782,10,Westbound Cornwall Ave @ Yew St,49.272645,-123.155439,1670468504,-278,1670468504
13276202,110,12-06-2022,-133,6612,1670355111,1670355111,16,Southbound Macdonald St @ W Broadway,49.264268,-123.168373,1670354978,-133,1670354978
13276233,116,12-02-2022,-112,6612,1670036471,1670036471,21,Westbound W 16 Ave @ Balaclava St,49.257904,-123.17458,1670036359,-112,1670036359
13276233,116,12-02-2022,-112,6612,1670036471,1670036471,21,Westbound W 16 Ave @ Balaclava St,49.257904,-123.17458,1670036359,-112,1670036359
13276196,54,11-25-2022,-173,6612,1669397211,1669397211,22,Eastbound W 16 Ave @ Trutch St,49.257636,-123.175459,1669397038,-173,1669397038
13276202,110,11-28-2022,-232,6612,1669663911,1669663911,16,Southbound Macdonald St @ W Broadway,49.264268,-123.168373,1669663679,-232,1669663679
13276196,54,11-28-2022,-174,6612,1669656411,1669656411,22,Eastbound W 16 Ave @ Trutch St,49.257636,-123.175459,1669656237,-174,1669656237
13276233,116,12-05-2022,-159,6612,1670295671,1670295671,21,Westbound W 16 Ave @ Balaclava St,49.257904,-123.17458,1670295512,-159,1670295512
13276196,54,12-07-2022,-166,6612,1670434011,1670434011,22,Eastbound W 16 Ave @ Trutch St,49.257636,-123.175459,1670433845,-166,1670433845
13276196,54,12-01-2022,-158,6612,1669915611,1669915611,22,Eastbound W 16 Ave @ Trutch St,49.257636,-123.175459,1669915453,-158,1669915453
13339359,299,11-27-2022,-117,6612,1669607093,1669607093,29,Westbound W 41 Ave @ Blenheim St,49.234831,-123.179103,1669606976,-117,1669606976
13276196,55,12-05-2022,-123,6612,1670261280,1670261280,23,Eastbound W 16 Ave @ Carnarvon St,49.257583,-123.17185,1670261157,-123,1670261157
13339359,299,12-04-2022,-140,6612,1670211893,1670211893,29,Westbound W 41 Ave @ Blenheim St,49.234831,-123.179103,1670211753,-140,1670211753
13276196,55,12-01-2022,-158,6612,1669915680,1669915680,23,Eastbound W 16 Ave @ Carnarvon St,49.257583,-123.17185,1669915522,-158,1669915522
13276202,112,11-28-2022,-271,6612,1669664011,1669664011,18,Southbound Macdonald St @ W 13 Ave,49.260226,-123.168421,1669663740,-271,1669663740
13276233,116,11-28-2022,-153,6612,1669690871,1669690871,21,Westbound W 16 Ave @ Balaclava St,49.257904,-123.17458,1669690718,-153,1669690718
13276196,55,11-28-2022,-174,6612,1669656480,1669656480,23,Eastbound W 16 Ave @ Carnarvon St,49.257583,-123.17185,1669656306,-174,1669656306
13276202,112,11-24-2022,-123,6612,1669318411,1669318411,18,Southbound Macdonald St @ W 13 Ave,49.260226,-123.168421,1669318288,-123,1669318288
13276196,55,12-06-2022,-120,6612,1670347680,1670347680,23,Eastbound W 16 Ave @ Carnarvon St,49.257583,-123.17185,1670347560,-120,1670347560
13276396,110,12-03-2022,-130,6612,1670130753,1670130753,16,Southbound Macdonald St @ W Broadway,49.264268,-123.168373,1670130623,-130,1670130623
13276196,54,12-05-2022,-123,6612,1670261211,1670261211,22,Eastbound W 16 Ave @ Trutch St,49.257636,-123.175459,1670261088,-123,1670261088
13276196,54,11-29-2022,-114,6612,1669742811,1669742811,22,Eastbound W 16 Ave @ Trutch St,49.257636,-123.175459,1669742697,-114,1669742697
13276229,114,11-23-2022,-115,6612,1669257983,1669257983,19,Westbound W 16 Ave @ Macdonald St,49.257816,-123.168896,1669257868,-115,1669257868
13276162,111,11-23-2022,-137,6612,1669237970,1669237970,17,Southbound Macdonald St @ W 11 Ave,49.261885,-123.16835,1669237833,-137,1669237833
13339254,299,11-26-2022,-200,6612,1669498674,1669498674,29,Westbound W 41 Ave @ Blenheim St,49.234831,-123.179103,1669498474,-200,1669498474
13276379,124,12-04-2022,-145,6612,1670143505,1670143505,23,Southbound Quesnel Dr @ W King Edward Ave,49.249603,-123.171914,1670143360,-145,1670143360
13276229,114,11-25-2022,-117,6612,1669430783,1669430783,19,Westbound W 16 Ave @ Macdonald St,49.257816,-123.168896,1669430666,-117,1669430666
13276215,109,11-29-2022,-315,6612,1669767826,1669767826,15,Southbound Macdonald St @ W 6th Ave,49.266274,-123.168483,1669767511,-315,1669767511
13276229,114,11-30-2022,-138,6612,1669862783,1669862783,19,Westbound W 16 Ave @ Macdonald St,49.257816,-123.168896,1669862645,-138,1669862645
13276215,109,12-05-2022,-136,6612,1670286226,1670286226,15,Southbound Macdonald St @ W 6th Ave,49.266274,-123.168483,1670286090,-136,1670286090
13276229,114,11-29-2022,-148,6612,1669776383,1669776383,19,Westbound W 16 Ave @ Macdonald St,49.257816,-123.168896,1669776235,-148,1669776235
13276162,111,11-29-2022,-127,6612,1669756370,1669756370,17,Southbound Macdonald St @ W 11 Ave,49.261885,-123.16835,1669756243,-127,1669756243
13276385,8535,11-26-2022,-142,6612,1669487795,1669487795,2,Burrard Station @ Bay 1,49.285306,-123.119982,1669487653,-142,1669487653
13276173,103,12-07-2022,-3414,6612,1670472221,1670472221,9,Westbound Cornwall Ave @ Arbutus St,49.272608,-123.152989,1670468807,-3414,1670468807
13276162,111,12-02-2022,-157,6612,1670015570,1670015570,17,Southbound Macdonald St @ W 11 Ave,49.261885,-123.16835,1670015413,-157,1670015413
13276215,109,12-06-2022,-123,6612,1670372626,1670372626,15,Southbound Macdonald St @ W 6th Ave,49.266274,-123.168483,1670372503,-123,1670372503
13276245,300,11-30-2022,-118,6612,1669879434,1669879434,30,Westbound W 41 Ave @ Collingwood St,49.234836,-123.182546,1669879316,-118,1669879316
13276175,1379,11-28-2022,-112,6612,1669680661,1669680661,14,Southbound Macdonald St @ W 4th Ave,49.268064,-123.168411,1669680549,-112,1669680549
13276168,119,11-30-2022,-350,6612,1669866077,1669866077,20,Southbound Macdonald St @ W 21 Ave,49.253375,-123.16787,1669865727,-350,1669865727
13276173,45,12-07-2022,-3424,6612,1670471695,1670471695,3,Southbound Burrard St @ Robson St,49.283087,-123.123336,1670468271,-3424,1670468271
13276245,300,11-25-2022,-151,6612,1669447434,1669447434,30,Westbound W 41 Ave @ Collingwood St,49.234836,-123.182546,1669447283,-151,1669447283
13276654,112,12-05-2022,-131,6612,1670232701,1670232701,18,Southbound Macdonald St @ W 13 Ave,49.260226,-123.168421,1670232570,-131,1670232570
13276227,646,12-08-2022,-168,6612,1670487360,1670487360,31,Dunbar Loop @ Bay 2,49.234593,-123.18575,1670487192,-168,1670487192
13276654,112,11-28-2022,-129,6612,1669627901,1669627901,18,Southbound Macdonald St @ W 13 Ave,49.260226,-123.168421,1669627772,-129,1669627772
13276137,101,11-29-2022,-158,6612,1669760652,1669760652,8,Westbound Cornwall Ave @ Cypress St,49.272539,-123.148302,1669760494,-158,1669760494
13276245,300,12-06-2022,-111,6612,1670397834,1670397834,30,Westbound W 41 Ave @ Collingwood St,49.234836,-123.182546,1670397723,-111,1670397723
13276245,300,11-29-2022,-179,6612,1669793034,1669793034,30,Westbound W 41 Ave @ Collingwood St,49.234836,-123.182546,1669792855,-179,1669792855
13276245,300,11-28-2022,-152,6612,1669706634,1669706634,30,Westbound W 41 Ave @ Collingwood St,49.234836,-123.182546,1669706482,-152,1669706482
13276227,646,12-06-2022,-165,6612,1670314560,1670314560,31,Dunbar Loop @ Bay 2,49.234593,-123.18575,1670314395,-165,1670314395
13276245,300,11-23-2022,-165,6612,1669274634,1669274634,30,Westbound W 41 Ave @ Collingwood St,49.234836,-123.182546,1669274469,-165,1669274469
13276227,646,12-01-2022,-160,6612,1669882560,1669882560,31,Dunbar Loop @ Bay 2,49.234593,-123.18575,1669882400,-160,1669882400
13276245,300,11-24-2022,-135,6612,1669361034,1669361034,30,Westbound W 41 Ave @ Collingwood St,49.234836,-123.182546,1669360899,-135,1669360899
13276227,646,11-29-2022,-211,6612,1669709760,1669709760,31,Dunbar Loop @ Bay 2,49.234593,-123.18575,1669709549,-211,1669709549
13276245,300,12-07-2022,-116,6612,1670484234,1670484234,30,Westbound W 41 Ave @ Collingwood St,49.234836,-123.182546,1670484118,-116,1670484118
13276227,646,12-07-2022,-149,6612,1670400960,1670400960,31,Dunbar Loop @ Bay 2,49.234593,-123.18575,1670400811,-149,1670400811
13276161,107,12-06-2022,-1257,6612,1670362646,1670362646,13,Southbound Macdonald St @ W 1st Ave,49.270753,-123.168323,1670361389,-1257,1670361389
13276161,107,12-06-2022,-1257,6612,1670362646,1670362646,13,Southbound Macdonald St @ W 1st Ave,49.270753,-123.168323,1670361389,-1257,1670361389
13276177,116,11-29-2022,-119,6612,1669774740,1669774740,21,Westbound W 16 Ave @ Balaclava St,49.257904,-123.17458,1669774621,-119,1669774621
13276171,55,12-06-2022,-150,6612,1670348580,1670348580,23,Eastbound W 16 Ave @ Carnarvon St,49.257583,-123.17185,1670348430,-150,1670348430
13276177,116,11-24-2022,-144,6612,1669342740,1669342740,21,Westbound W 16 Ave @ Balaclava St,49.257904,-123.17458,1669342596,-144,1669342596
13276177,116,11-23-2022,-113,6612,1669256340,1669256340,21,Westbound W 16 Ave @ Balaclava St,49.257904,-123.17458,1669256227,-113,1669256227
13276173,105,11-28-2022,-121,6612,1669694730,1669694730,11,Westbound Cornwall Ave @ Point Grey Rd,49.272731,-123.160216,1669694609,-121,1669694609
13276223,109,11-29-2022,-115,6612,1669773677,1669773677,15,Southbound Macdonald St @ W 6th Ave,49.266274,-123.168483,1669773562,-115,1669773562
13276171,107,12-07-2022,-112,6612,1670434455,1670434455,13,Southbound Macdonald St @ W 1st Ave,49.270753,-123.168323,1670434343,-112,1670434343
13276184,107,12-06-2022,-118,6612,1670367195,1670367195,13,Southbound Macdonald St @ W 1st Ave,49.270753,-123.168323,1670367077,-118,1670367077
13276173,105,12-07-2022,-3432,6612,1670472330,1670472330,11,Westbound Cornwall Ave @ Point Grey Rd,49.272731,-123.160216,1670468898,-3432,1670468898
13276173,105,12-06-2022,-129,6612,1670385930,1670385930,11,Westbound Cornwall Ave @ Point Grey Rd,49.272731,-123.160216,1670385801,-129,1670385801
13276177,116,11-28-2022,-160,6612,1669688340,1669688340,21,Westbound W 16 Ave @ Balaclava St,49.257904,-123.17458,1669688180,-160,1669688180
13276177,116,12-02-2022,-124,6612,1670033940,1670033940,21,Westbound W 16 Ave @ Balaclava St,49.257904,-123.17458,1670033816,-124,1670033816
13276163,126,12-02-2022,-139,6612,1670030681,1670030681,24,Southbound Mackenzie St @ W 29 Ave,49.245848,-123.170308,1670030542,-139,1670030542
13276218,55,11-28-2022,-157,6612,1669684140,1669684140,23,Eastbound W 16 Ave @ Carnarvon St,49.257583,-123.17185,1669683983,-157,1669683983
13276166,126,12-01-2022,-169,6612,1669947941,1669947941,24,Southbound Mackenzie St @ W 29 Ave,49.245848,-123.170308,1669947772,-169,1669947772
13276171,55,11-29-2022,-128,6612,1669743780,1669743780,23,Eastbound W 16 Ave @ Carnarvon St,49.257583,-123.17185,1669743652,-128,1669743652
13276223,109,11-30-2022,-127,6612,1669860077,1669860077,15,Southbound Macdonald St @ W 6th Ave,49.266274,-123.168483,1669859950,-127,1669859950
13276204,646,11-25-2022,-124,6612,1669407240,1669407240,31,Dunbar Loop @ Bay 2,49.234593,-123.18575,1669407116,-124,1669407116
13276171,55,12-07-2022,-194,6612,1670434980,1670434980,23,Eastbound W 16 Ave @ Carnarvon St,49.257583,-123.17185,1670434786,-194,1670434786
13339259,646,11-26-2022,-150,6612,1669504980,1669504980,31,Dunbar Loop @ Bay 2,49.234593,-123.18575,1669504830,-150,1669504830
13276225,107,11-23-2022,-170,6612,1669245675,1669245675,13,Southbound Macdonald St @ W 1st Ave,49.270753,-123.168323,1669245505,-170,1669245505
13276166,126,11-30-2022,-141,6612,1669861541,1669861541,24,Southbound Mackenzie St @ W 29 Ave,49.245848,-123.170308,1669861400,-141,1669861400
13276204,646,12-05-2022,-160,6612,1670271240,1670271240,31,Dunbar Loop @ Bay 2,49.234593,-123.18575,1670271080,-160,1670271080
13276204,646,11-28-2022,-143,6612,1669666440,1669666440,31,Dunbar Loop @ Bay 2,49.234593,-123.18575,1669666297,-143,1669666297
13276171,107,12-02-2022,-115,6612,1670002455,1670002455,13,Southbound Macdonald St @ W 1st Ave,49.270753,-123.168323,1670002340,-115,1670002340
13276218,55,12-06-2022,-122,6612,1670375340,1670375340,23,Eastbound W 16 Ave @ Carnarvon St,49.257583,-123.17185,1670375218,-122,1670375218
13276177,116,11-30-2022,-168,6612,1669861140,1669861140,21,Westbound W 16 Ave @ Balaclava St,49.257904,-123.17458,1669860972,-168,1669860972
13276171,55,12-02-2022,-193,6612,1670002980,1670002980,23,Eastbound W 16 Ave @ Carnarvon St,49.257583,-123.17185,1670002787,-193,1670002787
13276177,116,12-05-2022,-143,6612,1670293140,1670293140,21,Westbound W 16 Ave @ Balaclava St,49.257904,-123.17458,1670292997,-143,1670292997
13276171,55,11-28-2022,-112,6612,1669657380,1669657380,23,Eastbound W 16 Ave @ Carnarvon St,49.257583,-123.17185,1669657268,-112,1669657268
13276171,107,11-24-2022,-170,6612,1669311255,1669311255,13,Southbound Macdonald St @ W 1st Ave,49.270753,-123.168323,1669311085,-170,1669311085
13276225,107,11-30-2022,-125,6612,1669850475,1669850475,13,Southbound Macdonald St @ W 1st Ave,49.270753,-123.168323,1669850350,-125,1669850350
13276173,105,11-22-2022,-127,6612,1669176330,1669176330,11,Westbound Cornwall Ave @ Point Grey Rd,49.272731,-123.160216,1669176203,-127,1669176203
13276218,55,12-07-2022,-111,6612,1670461740,1670461740,23,Eastbound W 16 Ave @ Carnarvon St,49.257583,-123.17185,1670461629,-111,1670461629
13276171,55,11-24-2022,-119,6612,1669311780,1669311780,23,Eastbound W 16 Ave @ Carnarvon St,49.257583,-123.17185,1669311661,-119,1669311661
13276166,126,11-22-2022,-112,6612,1669170341,1669170341,24,Southbound Mackenzie St @ W 29 Ave,49.245848,-123.170308,1669170229,-112,1669170229
13276218,55,12-05-2022,-124,6612,1670288940,1670288940,23,Eastbound W 16 Ave @ Carnarvon St,49.257583,-123.17185,1670288816,-124,1670288816
13339259,646,12-03-2022,-154,6612,1670109780,1670109780,31,Dunbar Loop @ Bay 2,49.234593,-123.18575,1670109626,-154,1670109626
13276171,55,12-05-2022,-116,6612,1670262180,1670262180,23,Eastbound W 16 Ave @ Carnarvon St,49.257583,-123.17185,1670262064,-116,1670262064
13276184,107,12-02-2022,-125,6612,1670021595,1670021595,13,Southbound Macdonald St @ W 1st Ave,49.270753,-123.168323,1670021470,-125,1670021470
13276135,112,12-05-2022,-155,6612,1670284939,1670284939,18,Southbound Macdonald St @ W 13 Ave,49.260226,-123.168421,1670284784,-155,1670284784
13276135,112,11-25-2022,-119,6612,1669420939,1669420939,18,Southbound Macdonald St @ W 13 Ave,49.260226,-123.168421,1669420820,-119,1669420820
13276393,299,12-03-2022,-147,6612,1670129700,1670129700,29,Westbound W 41 Ave @ Blenheim St,49.234831,-123.179103,1670129553,-147,1670129553
13276393,299,11-26-2022,-137,6612,1669524900,1669524900,29,Westbound W 41 Ave @ Blenheim St,49.234831,-123.179103,1669524763,-137,1669524763
13276138,126,11-22-2022,-127,6612,1669188797,1669188797,24,Southbound Mackenzie St @ W 29 Ave,49.245848,-123.170308,1669188670,-127,1669188670
13276198,110,12-02-2022,-184,6612,1670005911,1670005911,16,Southbound Macdonald St @ W Broadway,49.264268,-123.168373,1670005727,-184,1670005727
13276233,111,12-05-2022,-129,6612,1670295470,1670295470,17,Southbound Macdonald St @ W 11 Ave,49.261885,-123.16835,1670295341,-129,1670295341
13339278,121,11-27-2022,-139,6612,1669541004,1669541004,21,Southbound Macdonald St @ Alamein Ave,49.249858,-123.167913,1669540865,-139,1669540865
13276135,112,12-07-2022,-112,6612,1670457739,1670457739,18,Southbound Macdonald St @ W 13 Ave,49.260226,-123.168421,1670457627,-112,1670457627
13339278,121,12-04-2022,-451,6612,1670145804,1670145804,21,Southbound Macdonald St @ Alamein Ave,49.249858,-123.167913,1670145353,-451,1670145353
13339278,121,12-04-2022,-451,6612,1670145804,1670145804,21,Southbound Macdonald St @ Alamein Ave,49.249858,-123.167913,1670145353,-451,1670145353
13276243,126,11-28-2022,-151,6612,1669704497,1669704497,24,Southbound Mackenzie St @ W 29 Ave,49.245848,-123.170308,1669704346,-151,1669704346
13276393,12671,12-03-2022,-118,6612,1670129634,1670129634,28,Westbound W 41 Ave @ Carnarvon St,49.234826,-123.174148,1670129516,-118,1670129516
13276221,112,12-02-2022,-115,6612,1670032421,1670032421,18,Southbound Macdonald St @ W 13 Ave,49.260226,-123.168421,1670032306,-115,1670032306
13276185,55,11-30-2022,-118,6612,1669850220,1669850220,23,Eastbound W 16 Ave @ Carnarvon St,49.257583,-123.17185,1669850102,-118,1669850102
13276185,55,12-02-2022,-120,6612,1670023020,1670023020,23,Eastbound W 16 Ave @ Carnarvon St,49.257583,-123.17185,1670022900,-120,1670022900
13276393,12671,11-26-2022,-122,6612,1669524834,1669524834,28,Westbound W 41 Ave @ Carnarvon St,49.234826,-123.174148,1669524712,-122,1669524712
13276654,111,11-28-2022,-117,6612,1669627871,1669627871,17,Southbound Macdonald St @ W 11 Ave,49.261885,-123.16835,1669627754,-117,1669627754
13276221,112,12-06-2022,-133,6612,1670378021,1670378021,18,Southbound Macdonald St @ W 13 Ave,49.260226,-123.168421,1670377888,-133,1670377888
13276185,55,11-28-2022,-117,6612,1669677420,1669677420,23,Eastbound W 16 Ave @ Carnarvon St,49.257583,-123.17185,1669677303,-117,1669677303
13276221,112,11-29-2022,-111,6612,1669773221,1669773221,18,Southbound Macdonald St @ W 13 Ave,49.260226,-123.168421,1669773110,-111,1669773110
13276654,111,12-05-2022,-116,6612,1670232671,1670232671,17,Southbound Macdonald St @ W 11 Ave,49.261885,-123.16835,1670232555,-116,1670232555
13276221,112,11-30-2022,-112,6612,1669859621,1669859621,18,Southbound Macdonald St @ W 13 Ave,49.260226,-123.168421,1669859509,-112,1669859509
13276382,646,12-04-2022,-121,6612,1670147580,1670147580,31,Dunbar Loop @ Bay 2,49.234593,-123.18575,1670147459,-121,1670147459
13276382,646,11-27-2022,-117,6612,1669542780,1669542780,31,Dunbar Loop @ Bay 2,49.234593,-123.18575,1669542663,-117,1669542663
13276165,130,11-30-2022,-134,6612,1669864311,1669864311,26,Southbound Mackenzie St @ W 37 Ave,49.238254,-123.170377,1669864177,-134,1669864177
13276185,55,12-07-2022,-130,6612,1670455020,1670455020,23,Eastbound W 16 Ave @ Carnarvon St,49.257583,-123.17185,1670454890,-130,1670454890
13276131,1379,12-07-2022,-125,6612,1670431340,1670431340,14,Southbound Macdonald St @ W 4th Ave,49.268064,-123.168411,1670431215,-125,1670431215
13276365,124,11-26-2022,-129,6612,1669494564,1669494564,23,Southbound Quesnel Dr @ W King Edward Ave,49.249603,-123.171914,1669494435,-129,1669494435
13276124,116,12-08-2022,-202,6612,1670512523,1670512523,21,Westbound W 16 Ave @ Balaclava St,49.257904,-123.17458,1670512321,-202,1670512321
13339278,126,12-04-2022,-121,6612,1670145977,1670145977,24,Southbound Mackenzie St @ W 29 Ave,49.245848,-123.170308,1670145856,-121,1670145856
13276214,300,12-02-2022,-112,6612,1670027442,1670027442,30,Westbound W 41 Ave @ Collingwood St,49.234836,-123.182546,1670027330,-112,1670027330
13276124,116,12-05-2022,-170,6612,1670253323,1670253323,21,Westbound W 16 Ave @ Balaclava St,49.257904,-123.17458,1670253153,-170,1670253153
13276656,299,11-28-2022,-145,6612,1669624587,1669624587,29,Westbound W 41 Ave @ Blenheim St,49.234831,-123.179103,1669624442,-145,1669624442
13276233,55,11-24-2022,-167,6612,1669345380,1669345380,23,Eastbound W 16 Ave @ Carnarvon St,49.257583,-123.17185,1669345213,-167,1669345213
13276233,55,11-28-2022,-158,6612,1669690980,1669690980,23,Eastbound W 16 Ave @ Carnarvon St,49.257583,-123.17185,1669690822,-158,1669690822
13276233,55,12-02-2022,-115,6612,1670036580,1670036580,23,Eastbound W 16 Ave @ Carnarvon St,49.257583,-123.17185,1670036465,-115,1670036465
13276233,55,12-02-2022,-115,6612,1670036580,1670036580,23,Eastbound W 16 Ave @ Carnarvon St,49.257583,-123.17185,1670036465,-115,1670036465
13339278,126,11-27-2022,-203,6612,1669541177,1669541177,24,Southbound Mackenzie St @ W 29 Ave,49.245848,-123.170308,1669540974,-203,1669540974
13276214,300,11-30-2022,-171,6612,1669854642,1669854642,30,Westbound W 41 Ave @ Collingwood St,49.234836,-123.182546,1669854471,-171,1669854471
13276124,116,11-25-2022,-161,6612,1669389323,1669389323,21,Westbound W 16 Ave @ Balaclava St,49.257904,-123.17458,1669389162,-161,1669389162
13339329,116,11-27-2022,-124,6612,1669593674,1669593674,21,Westbound W 16 Ave @ Balaclava St,49.257904,-123.17458,1669593550,-124,1669593550
13276124,116,12-02-2022,-171,6612,1669994123,1669994123,21,Westbound W 16 Ave @ Balaclava St,49.257904,-123.17458,1669993952,-171,1669993952
13276233,55,12-05-2022,-157,6612,1670295780,1670295780,23,Eastbound W 16 Ave @ Carnarvon St,49.257583,-123.17185,1670295623,-157,1670295623
13276188,300,11-30-2022,-1888,6612,1669827528,1669827528,30,Westbound W 41 Ave @ Collingwood St,49.234836,-123.182546,1669825640,-1888,1669825640
13276188,300,11-30-2022,-1888,6612,1669827528,1669827528,30,Westbound W 41 Ave @ Collingwood St,49.234836,-123.182546,1669825640,-1888,1669825640
13276188,300,11-30-2022,-1888,6612,1669827528,1669827528,30,Westbound W 41 Ave @ Collingwood St,49.234836,-123.182546,1669825640,-1888,1669825640
13276188,300,11-30-2022,-1888,6612,1669827528,1669827528,30,Westbound W 41 Ave @ Collingwood St,49.234836,-123.182546,1669825640,-1888,1669825640
13276188,300,11-30-2022,-1888,6612,1669827528,1669827528,30,Westbound W 41 Ave @ Collingwood St,49.234836,-123.182546,1669825640,-1888,1669825640
13276188,300,11-30-2022,-1888,6612,1669827528,1669827528,30,Westbound W 41 Ave @ Collingwood St,49.234836,-123.182546,1669825640,-1888,1669825640
13276188,300,11-30-2022,-1888,6612,1669827528,1669827528,30,Westbound W 41 Ave @ Collingwood St,49.234836,-123.182546,1669825640,-1888,1669825640
13276194,124,12-02-2022,-112,6612,1670024891,1670024891,23,Southbound Quesnel Dr @ W King Edward Ave,49.249603,-123.171914,1670024779,-112,1670024779
13276203,116,11-28-2022,-136,6612,1669665371,1669665371,21,Westbound W 16 Ave @ Balaclava St,49.257904,-123.17458,1669665235,-136,1669665235
13276203,116,11-25-2022,-136,6612,1669406171,1669406171,21,Westbound W 16 Ave @ Balaclava St,49.257904,-123.17458,1669406035,-136,1669406035
13276203,116,11-23-2022,-150,6612,1669233371,1669233371,21,Westbound W 16 Ave @ Balaclava St,49.257904,-123.17458,1669233221,-150,1669233221
13339254,296,11-26-2022,-180,6612,1669498552,1669498552,27,Westbound W 41 Ave @ Mackenzie St,49.234819,-123.170795,1669498372,-180,1669498372
13276418,124,12-04-2022,-133,6612,1670147705,1670147705,23,Southbound Quesnel Dr @ W King Edward Ave,49.249603,-123.171914,1670147572,-133,1670147572
13276194,124,12-06-2022,-141,6612,1670370491,1670370491,23,Southbound Quesnel Dr @ W King Edward Ave,49.249603,-123.171914,1670370350,-141,1670370350
13276221,116,12-06-2022,-181,6612,1670378212,1670378212,21,Westbound W 16 Ave @ Balaclava St,49.257904,-123.17458,1670378031,-181,1670378031
13276395,299,11-26-2022,-114,6612,1669526100,1669526100,29,Westbound W 41 Ave @ Blenheim St,49.234831,-123.179103,1669525986,-114,1669525986
13276127,112,11-25-2022,-168,6612,1669391680,1669391680,18,Southbound Macdonald St @ W 13 Ave,49.260226,-123.168421,1669391512,-168,1669391512
13276127,112,11-23-2022,-121,6612,1669218880,1669218880,18,Southbound Macdonald St @ W 13 Ave,49.260226,-123.168421,1669218759,-121,1669218759
13276221,116,11-30-2022,-155,6612,1669859812,1669859812,21,Westbound W 16 Ave @ Balaclava St,49.257904,-123.17458,1669859657,-155,1669859657
13276221,116,12-08-2022,-176,6612,1670551012,1670551012,21,Westbound W 16 Ave @ Balaclava St,49.257904,-123.17458,1670550836,-176,1670550836
13276191,46,11-25-2022,-474,6612,1669439081,1669439081,4,Southbound Burrard St @ Barclay St,49.282068,-123.12488,1669438607,-474,1669438607
13276191,46,11-25-2022,-474,6612,1669439081,1669439081,4,Southbound Burrard St @ Barclay St,49.282068,-123.12488,1669438607,-474,1669438607
13276221,116,12-01-2022,-156,6612,1669946212,1669946212,21,Westbound W 16 Ave @ Balaclava St,49.257904,-123.17458,1669946056,-156,1669946056
13276221,116,11-24-2022,-132,6612,1669341412,1669341412,21,Westbound W 16 Ave @ Balaclava St,49.257904,-123.17458,1669341280,-132,1669341280
13276221,116,12-02-2022,-126,6612,1670032612,1670032612,21,Westbound W 16 Ave @ Balaclava St,49.257904,-123.17458,1670032486,-126,1670032486
13276170,112,12-02-2022,-276,6612,1670020051,1670020051,18,Southbound Macdonald St @ W 13 Ave,49.260226,-123.168421,1670019775,-276,1670019775
13276221,116,11-28-2022,-115,6612,1669687012,1669687012,21,Westbound W 16 Ave @ Balaclava St,49.257904,-123.17458,1669686897,-115,1669686897
13276221,116,11-23-2022,-112,6612,1669255012,1669255012,21,Westbound W 16 Ave @ Balaclava St,49.257904,-123.17458,1669254900,-112,1669254900
13276221,116,11-23-2022,-112,6612,1669255012,1669255012,21,Westbound W 16 Ave @ Balaclava St,49.257904,-123.17458,1669254900,-112,1669254900
13276127,112,12-08-2022,-113,6612,1670514880,1670514880,18,Southbound Macdonald St @ W 13 Ave,49.260226,-123.168421,1670514767,-113,1670514767
13276221,116,11-29-2022,-117,6612,1669773412,1669773412,21,Westbound W 16 Ave @ Balaclava St,49.257904,-123.17458,1669773295,-117,1669773295
13276418,119,12-04-2022,-118,6612,1670147543,1670147543,20,Southbound Macdonald St @ W 21 Ave,49.253375,-123.16787,1670147425,-118,1670147425
13276170,112,11-24-2022,-117,6612,1669328851,1669328851,18,Southbound Macdonald St @ W 13 Ave,49.260226,-123.168421,1669328734,-117,1669328734
13276127,112,12-07-2022,-130,6612,1670428480,1670428480,18,Southbound Macdonald St @ W 13 Ave,49.260226,-123.168421,1670428350,-130,1670428350
13276127,112,12-02-2022,-4337,6612,1669996480,1669996480,18,Southbound Macdonald St @ W 13 Ave,49.260226,-123.168421,1669992143,-4337,1669992143
13276127,112,12-02-2022,-4337,6612,1669996480,1669996480,18,Southbound Macdonald St @ W 13 Ave,49.260226,-123.168421,1669992143,-4337,1669992143
13276117,106,12-08-2022,-218,6612,1670515754,1670515754,12,Westbound Cornwall Ave @ Trafalgar St,49.272799,-123.164636,1670515536,-218,1670515536
13339273,300,11-26-2022,-126,6612,1669521462,1669521462,30,Westbound W 41 Ave @ Collingwood St,49.234836,-123.182546,1669521336,-126,1669521336
13276127,110,12-07-2022,-143,6612,1670428385,1670428385,16,Southbound Macdonald St @ W Broadway,49.264268,-123.168373,1670428242,-143,1670428242
13276166,123,12-01-2022,-131,6612,1669947810,1669947810,22,Westbound W King Edward Ave @ Puget Dr,49.249627,-123.170432,1669947679,-131,1669947679
13276185,54,12-07-2022,-130,6612,1670454951,1670454951,22,Eastbound W 16 Ave @ Trutch St,49.257636,-123.175459,1670454821,-130,1670454821
13276177,111,12-02-2022,-121,6612,1670033716,1670033716,17,Southbound Macdonald St @ W 11 Ave,49.261885,-123.16835,1670033595,-121,1670033595
13276166,123,11-22-2022,-112,6612,1669170210,1669170210,22,Westbound W King Edward Ave @ Puget Dr,49.249627,-123.170432,1669170098,-112,1669170098
13276127,110,12-02-2022,-4299,6612,1669996385,1669996385,16,Southbound Macdonald St @ W Broadway,49.264268,-123.168373,1669992086,-4299,1669992086
13276208,112,11-30-2022,-124,6612,1669841611,1669841611,18,Southbound Macdonald St @ W 13 Ave,49.260226,-123.168421,1669841487,-124,1669841487
13276208,112,11-30-2022,-124,6612,1669841611,1669841611,18,Southbound Macdonald St @ W 13 Ave,49.260226,-123.168421,1669841487,-124,1669841487
13276177,111,11-28-2022,-186,6612,1669688116,1669688116,17,Southbound Macdonald St @ W 11 Ave,49.261885,-123.16835,1669687930,-186,1669687930
13276177,111,12-05-2022,-158,6612,1670292916,1670292916,17,Southbound Macdonald St @ W 11 Ave,49.261885,-123.16835,1670292758,-158,1670292758
13276230,296,11-23-2022,-117,6612,1669265797,1669265797,27,Westbound W 41 Ave @ Mackenzie St,49.234819,-123.170795,1669265680,-117,1669265680
13276185,54,12-02-2022,-120,6612,1670022951,1670022951,22,Eastbound W 16 Ave @ Trutch St,49.257636,-123.175459,1670022831,-120,1670022831
13276168,121,11-30-2022,-368,6612,1669866145,1669866145,21,Southbound Macdonald St @ Alamein Ave,49.249858,-123.167913,1669865777,-368,1669865777
13276168,103,11-30-2022,-301,6612,1669865524,1669865524,9,Westbound Cornwall Ave @ Arbutus St,49.272608,-123.152989,1669865223,-301,1669865223
13276185,54,11-30-2022,-118,6612,1669850151,1669850151,22,Eastbound W 16 Ave @ Trutch St,49.257636,-123.175459,1669850033,-118,1669850033
13276185,54,11-28-2022,-117,6612,1669677351,1669677351,22,Eastbound W 16 Ave @ Trutch St,49.257636,-123.175459,1669677234,-117,1669677234
13276127,110,11-25-2022,-130,6612,1669391585,1669391585,16,Southbound Macdonald St @ W Broadway,49.264268,-123.168373,1669391455,-130,1669391455
13276230,296,11-22-2022,-3192,6612,1669179397,1669179397,27,Westbound W 41 Ave @ Mackenzie St,49.234819,-123.170795,1669176205,-3192,1669176205
13276230,296,11-22-2022,-3192,6612,1669179397,1669179397,27,Westbound W 41 Ave @ Mackenzie St,49.234819,-123.170795,1669176205,-3192,1669176205
13276170,103,12-02-2022,-196,6612,1670019522,1670019522,9,Westbound Cornwall Ave @ Arbutus St,49.272608,-123.152989,1670019326,-196,1670019326
13276131,116,12-07-2022,-111,6612,1670431691,1670431691,21,Westbound W 16 Ave @ Balaclava St,49.257904,-123.17458,1670431580,-111,1670431580
13339256,300,11-26-2022,-155,6612,1669501297,1669501297,30,Westbound W 41 Ave @ Collingwood St,49.234836,-123.182546,1669501142,-155,1669501142
13276142,124,11-29-2022,-145,6612,1669713801,1669713801,23,Southbound Quesnel Dr @ W King Edward Ave,49.249603,-123.171914,1669713656,-145,1669713656
13276230,47,11-22-2022,-3325,6612,1669178108,1669178108,5,Southbound Burrard St @ Nelson St,49.280981,-123.126516,1669174783,-3325,1669174783
13339256,300,12-03-2022,-117,6612,1670106097,1670106097,30,Westbound W 41 Ave @ Collingwood St,49.234836,-123.182546,1670105980,-117,1670105980
13276142,124,12-06-2022,-126,6612,1670318601,1670318601,23,Southbound Quesnel Dr @ W King Edward Ave,49.249603,-123.171914,1670318475,-126,1670318475
13276131,116,12-01-2022,-121,6612,1669913291,1669913291,21,Westbound W 16 Ave @ Balaclava St,49.257904,-123.17458,1669913170,-121,1669913170
13276232,113,11-23-2022,-3476,6612,1669266493,1669266493,19,Southbound Macdonald St @ W 16 Ave,49.257315,-123.168496,1669263017,-3476,1669263017
13339259,121,11-26-2022,-125,6612,1669504204,1669504204,21,Southbound Macdonald St @ Alamein Ave,49.249858,-123.167913,1669504079,-125,1669504079
13339259,128,11-26-2022,-150,6612,1669504529,1669504529,25,Southbound Mackenzie St @ W 33 Ave,49.241997,-123.170345,1669504379,-150,1669504379
13276120,126,12-02-2022,-119,6612,1669989541,1669989541,24,Southbound Mackenzie St @ W 29 Ave,49.245848,-123.170308,1669989422,-119,1669989422
13276211,109,11-24-2022,-293,6612,1669325463,1669325463,15,Southbound Macdonald St @ W 6th Ave,49.266274,-123.168483,1669325170,-293,1669325170
13276211,109,11-24-2022,-293,6612,1669325463,1669325463,15,Southbound Macdonald St @ W 6th Ave,49.266274,-123.168483,1669325170,-293,1669325170
13276211,109,12-06-2022,-166,6612,1670362263,1670362263,15,Southbound Macdonald St @ W 6th Ave,49.266274,-123.168483,1670362097,-166,1670362097
13276211,109,11-30-2022,-134,6612,1669843863,1669843863,15,Southbound Macdonald St @ W 6th Ave,49.266274,-123.168483,1669843729,-134,1669843729
13276211,109,12-01-2022,-139,6612,1669930263,1669930263,15,Southbound Macdonald St @ W 6th Ave,49.266274,-123.168483,1669930124,-139,1669930124
13276675,114,11-27-2022,-156,6612,1669579185,1669579185,19,Westbound W 16 Ave @ Macdonald St,49.257816,-123.168896,1669579029,-156,1669579029
13276227,296,12-07-2022,-131,6612,1670400757,1670400757,27,Westbound W 41 Ave @ Mackenzie St,49.234819,-123.170795,1670400626,-131,1670400626
13276127,115,12-02-2022,-4374,6612,1669996574,1669996574,20,Westbound W 16 Ave @ Mackenzie St,49.257839,-123.170777,1669992200,-4374,1669992200
13276127,115,12-02-2022,-4374,6612,1669996574,1669996574,20,Westbound W 16 Ave @ Mackenzie St,49.257839,-123.170777,1669992200,-4374,1669992200
13276227,296,12-08-2022,-207,6612,1670487157,1670487157,27,Westbound W 41 Ave @ Mackenzie St,49.234819,-123.170795,1670486950,-207,1670486950
13276215,107,12-05-2022,-138,6612,1670286113,1670286113,13,Southbound Macdonald St @ W 1st Ave,49.270753,-123.168323,1670285975,-138,1670285975
13276215,107,12-06-2022,-125,6612,1670372513,1670372513,13,Southbound Macdonald St @ W 1st Ave,49.270753,-123.168323,1670372388,-125,1670372388
13276227,296,12-01-2022,-133,6612,1669882357,1669882357,27,Westbound W 41 Ave @ Mackenzie St,49.234819,-123.170795,1669882224,-133,1669882224
13276220,128,12-02-2022,-188,6612,1670031531,1670031531,25,Southbound Mackenzie St @ W 33 Ave,49.241997,-123.170345,1670031343,-188,1670031343
13276172,116,11-28-2022,-146,6612,1669658231,1669658231,21,Westbound W 16 Ave @ Balaclava St,49.257904,-123.17458,1669658085,-146,1669658085
13276212,110,12-06-2022,-204,6612,1670363511,1670363511,16,Southbound Macdonald St @ W Broadway,49.264268,-123.168373,1670363307,-204,1670363307
13276172,116,11-29-2022,-119,6612,1669744631,1669744631,21,Westbound W 16 Ave @ Balaclava St,49.257904,-123.17458,1669744512,-119,1669744512
13276227,296,11-29-2022,-158,6612,1669709557,1669709557,27,Westbound W 41 Ave @ Mackenzie St,49.234819,-123.170795,1669709399,-158,1669709399
13276172,116,12-06-2022,-112,6612,1670349431,1670349431,21,Westbound W 16 Ave @ Balaclava St,49.257904,-123.17458,1670349319,-112,1670349319
13276172,116,12-06-2022,-112,6612,1670349431,1670349431,21,Westbound W 16 Ave @ Balaclava St,49.257904,-123.17458,1670349319,-112,1670349319
13276172,116,12-06-2022,-112,6612,1670349431,1670349431,21,Westbound W 16 Ave @ Balaclava St,49.257904,-123.17458,1670349319,-112,1670349319
13276192,126,11-25-2022,-160,6612,1669401935,1669401935,24,Southbound Mackenzie St @ W 29 Ave,49.245848,-123.170308,1669401775,-160,1669401775
13276215,107,11-29-2022,-321,6612,1669767713,1669767713,13,Southbound Macdonald St @ W 1st Ave,49.270753,-123.168323,1669767392,-321,1669767392
13276127,115,11-23-2022,-128,6612,1669218974,1669218974,20,Westbound W 16 Ave @ Mackenzie St,49.257839,-123.170777,1669218846,-128,1669218846
13276180,106,11-30-2022,-162,6612,1669846012,1669846012,12,Westbound Cornwall Ave @ Trafalgar St,49.272799,-123.164636,1669845850,-162,1669845850
13276172,116,12-02-2022,-128,6612,1670003831,1670003831,21,Westbound W 16 Ave @ Balaclava St,49.257904,-123.17458,1670003703,-128,1670003703
13276227,296,12-06-2022,-130,6612,1670314357,1670314357,27,Westbound W 41 Ave @ Mackenzie St,49.234819,-123.170795,1670314227,-130,1670314227
13276172,116,12-07-2022,-150,6612,1670435831,1670435831,21,Westbound W 16 Ave @ Balaclava St,49.257904,-123.17458,1670435681,-150,1670435681
13276127,115,12-08-2022,-113,6612,1670514974,1670514974,20,Westbound W 16 Ave @ Mackenzie St,49.257839,-123.170777,1670514861,-113,1670514861
13276220,128,11-30-2022,-123,6612,1669858731,1669858731,25,Southbound Mackenzie St @ W 33 Ave,49.241997,-123.170345,1669858608,-123,1669858608
13276127,115,11-25-2022,-176,6612,1669391774,1669391774,20,Westbound W 16 Ave @ Mackenzie St,49.257839,-123.170777,1669391598,-176,1669391598
13276118,104,11-24-2022,-115,6612,1669306642,1669306642,10,Westbound Cornwall Ave @ Yew St,49.272645,-123.155439,1669306527,-115,1669306527
13276192,126,11-29-2022,-158,6612,1669747535,1669747535,24,Southbound Mackenzie St @ W 29 Ave,49.245848,-123.170308,1669747377,-158,1669747377
13276127,115,12-07-2022,-133,6612,1670428574,1670428574,20,Westbound W 16 Ave @ Mackenzie St,49.257839,-123.170777,1670428441,-133,1670428441
13276220,128,11-23-2022,-117,6612,1669253932,1669253932,25,Southbound Mackenzie St @ W 33 Ave,49.241997,-123.170345,1669253815,-117,1669253815
13276146,55,11-25-2022,-193,6612,1669427220,1669427220,23,Eastbound W 16 Ave @ Carnarvon St,49.257583,-123.17185,1669427027,-193,1669427027
13276599,109,11-27-2022,-152,6612,1669577779,1669577779,15,Southbound Macdonald St @ W 6th Ave,49.266274,-123.168483,1669577627,-152,1669577627
13276145,646,12-05-2022,-177,6612,1670293260,1670293260,31,Dunbar Loop @ Bay 2,49.234593,-123.18575,1670293083,-177,1670293083
13276659,646,12-05-2022,-197,6612,1670232360,1670232360,31,Dunbar Loop @ Bay 2,49.234593,-123.18575,1670232163,-197,1670232163
13276381,300,12-04-2022,-199,6612,1670145714,1670145714,30,Westbound W 41 Ave @ Collingwood St,49.234836,-123.182546,1670145515,-199,1670145515
13276146,55,12-01-2022,-154,6612,1669945620,1669945620,23,Eastbound W 16 Ave @ Carnarvon St,49.257583,-123.17185,1669945466,-154,1669945466
13276146,55,12-01-2022,-154,6612,1669945620,1669945620,23,Eastbound W 16 Ave @ Carnarvon St,49.257583,-123.17185,1669945466,-154,1669945466
13339274,296,12-03-2022,-120,6612,1670127295,1670127295,27,Westbound W 41 Ave @ Mackenzie St,49.234819,-123.170795,1670127175,-120,1670127175
13276146,55,11-23-2022,-174,6612,1669254420,1669254420,23,Eastbound W 16 Ave @ Carnarvon St,49.257583,-123.17185,1669254246,-174,1669254246
13276146,55,11-28-2022,-125,6612,1669686420,1669686420,23,Eastbound W 16 Ave @ Carnarvon St,49.257583,-123.17185,1669686295,-125,1669686295
13276146,55,11-29-2022,-172,6612,1669772820,1669772820,23,Eastbound W 16 Ave @ Carnarvon St,49.257583,-123.17185,1669772648,-172,1669772648
13276235,116,11-22-2022,-3877,6612,1669175658,1669175658,21,Westbound W 16 Ave @ Balaclava St,49.257904,-123.17458,1669171781,-3877,1669171781
13276188,126,11-30-2022,-1834,6612,1669827155,1669827155,24,Southbound Mackenzie St @ W 29 Ave,49.245848,-123.170308,1669825321,-1834,1669825321
13276188,126,11-30-2022,-1834,6612,1669827155,1669827155,24,Southbound Mackenzie St @ W 29 Ave,49.245848,-123.170308,1669825321,-1834,1669825321
13276188,126,11-30-2022,-1834,6612,1669827155,1669827155,24,Southbound Mackenzie St @ W 29 Ave,49.245848,-123.170308,1669825321,-1834,1669825321
13276188,126,11-30-2022,-1834,6612,1669827155,1669827155,24,Southbound Mackenzie St @ W 29 Ave,49.245848,-123.170308,1669825321,-1834,1669825321
13276188,126,11-30-2022,-1834,6612,1669827155,1669827155,24,Southbound Mackenzie St @ W 29 Ave,49.245848,-123.170308,1669825321,-1834,1669825321
13276188,126,11-30-2022,-1834,6612,1669827155,1669827155,24,Southbound Mackenzie St @ W 29 Ave,49.245848,-123.170308,1669825321,-1834,1669825321
13276188,126,11-30-2022,-1834,6612,1669827155,1669827155,24,Southbound Mackenzie St @ W 29 Ave,49.245848,-123.170308,1669825321,-1834,1669825321
13276235,116,11-23-2022,-141,6612,1669262058,1669262058,21,Westbound W 16 Ave @ Balaclava St,49.257904,-123.17458,1669261917,-141,1669261917
13276146,55,12-07-2022,-127,6612,1670464020,1670464020,23,Eastbound W 16 Ave @ Carnarvon St,49.257583,-123.17185,1670463893,-127,1670463893
13276188,46,11-30-2022,-818,6612,1669825918,1669825918,4,Southbound Burrard St @ Barclay St,49.282068,-123.12488,1669825100,-818,1669825100
13276188,46,11-30-2022,-818,6612,1669825918,1669825918,4,Southbound Burrard St @ Barclay St,49.282068,-123.12488,1669825100,-818,1669825100
13276146,55,11-30-2022,-163,6612,1669859220,1669859220,23,Eastbound W 16 Ave @ Carnarvon St,49.257583,-123.17185,1669859057,-163,1669859057
13276146,55,12-08-2022,-194,6612,1670550420,1670550420,23,Eastbound W 16 Ave @ Carnarvon St,49.257583,-123.17185,1670550226,-194,1670550226
13276146,55,12-08-2022,-194,6612,1670550420,1670550420,23,Eastbound W 16 Ave @ Carnarvon St,49.257583,-123.17185,1670550226,-194,1670550226
13276146,55,12-08-2022,-194,6612,1670550420,1670550420,23,Eastbound W 16 Ave @ Carnarvon St,49.257583,-123.17185,1670550226,-194,1670550226
13276146,55,11-24-2022,-117,6612,1669340820,1669340820,23,Eastbound W 16 Ave @ Carnarvon St,49.257583,-123.17185,1669340703,-117,1669340703
13276145,646,11-30-2022,-136,6612,1669861260,1669861260,31,Dunbar Loop @ Bay 2,49.234593,-123.18575,1669861124,-136,1669861124
13276146,55,12-05-2022,-164,6612,1670291220,1670291220,23,Eastbound W 16 Ave @ Carnarvon St,49.257583,-123.17185,1670291056,-164,1670291056
13276235,116,12-01-2022,-116,6612,1669953258,1669953258,21,Westbound W 16 Ave @ Balaclava St,49.257904,-123.17458,1669953142,-116,1669953142
13276235,116,11-28-2022,-119,6612,1669694058,1669694058,21,Westbound W 16 Ave @ Balaclava St,49.257904,-123.17458,1669693939,-119,1669693939
13276224,12671,11-25-2022,-195,6612,1669419761,1669419761,28,Westbound W 41 Ave @ Carnarvon St,49.234826,-123.174148,1669419566,-195,1669419566
13276146,55,12-02-2022,-120,6612,1670032020,1670032020,23,Eastbound W 16 Ave @ Carnarvon St,49.257583,-123.17185,1670031900,-120,1670031900
13276146,55,12-02-2022,-120,6612,1670032020,1670032020,23,Eastbound W 16 Ave @ Carnarvon St,49.257583,-123.17185,1670031900,-120,1670031900
13276146,55,12-02-2022,-120,6612,1670032020,1670032020,23,Eastbound W 16 Ave @ Carnarvon St,49.257583,-123.17185,1670031900,-120,1670031900
13276145,646,12-07-2022,-145,6612,1670466060,1670466060,31,Dunbar Loop @ Bay 2,49.234593,-123.18575,1670465915,-145,1670465915
13276145,646,11-28-2022,-118,6612,1669688460,1669688460,31,Dunbar Loop @ Bay 2,49.234593,-123.18575,1669688342,-118,1669688342
13276224,12671,12-02-2022,-116,6612,1670024561,1670024561,28,Westbound W 41 Ave @ Carnarvon St,49.234826,-123.174148,1670024445,-116,1670024445
13276191,12494,11-25-2022,-394,6612,1669439185,1669439185,7,Southbound Burrard St @ Harwood St,49.277837,-123.131265,1669438791,-394,1669438791
13276191,12494,11-25-2022,-394,6612,1669439185,1669439185,7,Southbound Burrard St @ Harwood St,49.277837,-123.131265,1669438791,-394,1669438791
13276224,12671,11-24-2022,-135,6612,1669333361,1669333361,28,Westbound W 41 Ave @ Carnarvon St,49.234826,-123.174148,1669333226,-135,1669333226
13276659,646,11-28-2022,-121,6612,1669627560,1669627560,31,Dunbar Loop @ Bay 2,49.234593,-123.18575,1669627439,-121,1669627439
13276146,55,12-06-2022,-206,6612,1670377620,1670377620,23,Eastbound W 16 Ave @ Carnarvon St,49.257583,-123.17185,1670377414,-206,1670377414
13276145,646,11-29-2022,-136,6612,1669774860,1669774860,31,Dunbar Loop @ Bay 2,49.234593,-123.18575,1669774724,-136,1669774724
13276224,12671,11-30-2022,-113,6612,1669851761,1669851761,28,Westbound W 41 Ave @ Carnarvon St,49.234826,-123.174148,1669851648,-113,1669851648
13276242,300,11-28-2022,-124,6612,1669703034,1669703034,30,Westbound W 41 Ave @ Collingwood St,49.234836,-123.182546,1669702910,-124,1669702910
13276197,110,12-05-2022,-195,6612,1670264265,1670264265,16,Southbound Macdonald St @ W Broadway,49.264268,-123.168373,1670264070,-195,1670264070
13276148,107,11-30-2022,-420,6612,1669854833,1669854833,13,Southbound Macdonald St @ W 1st Ave,49.270753,-123.168323,1669854413,-420,1669854413
13339362,12671,12-04-2022,-153,6612,1670217114,1670217114,28,Westbound W 41 Ave @ Carnarvon St,49.234826,-123.174148,1670216961,-153,1670216961
13276128,111,12-02-2022,-136,6612,1669997341,1669997341,17,Southbound Macdonald St @ W 11 Ave,49.261885,-123.16835,1669997205,-136,1669997205
13276224,296,12-02-2022,-144,6612,1670024512,1670024512,27,Westbound W 41 Ave @ Mackenzie St,49.234819,-123.170795,1670024368,-144,1670024368
13276128,111,11-29-2022,-111,6612,1669738141,1669738141,17,Southbound Macdonald St @ W 11 Ave,49.261885,-123.16835,1669738030,-111,1669738030
13276148,107,11-25-2022,-129,6612,1669422833,1669422833,13,Southbound Macdonald St @ W 1st Ave,49.270753,-123.168323,1669422704,-129,1669422704
13276115,111,11-23-2022,-174,6612,1669243660,1669243660,17,Southbound Macdonald St @ W 11 Ave,49.261885,-123.16835,1669243486,-174,1669243486
13276213,299,12-02-2022,-133,6612,1670019294,1670019294,29,Westbound W 41 Ave @ Blenheim St,49.234831,-123.179103,1670019161,-133,1670019161
13339278,113,12-04-2022,-404,6612,1670145673,1670145673,19,Southbound Macdonald St @ W 16 Ave,49.257315,-123.168496,1670145269,-404,1670145269
13339278,113,12-04-2022,-404,6612,1670145673,1670145673,19,Southbound Macdonald St @ W 16 Ave,49.257315,-123.168496,1670145269,-404,1670145269
13339360,128,11-27-2022,-122,6612,1669608516,1669608516,25,Southbound Mackenzie St @ W 33 Ave,49.241997,-123.170345,1669608394,-122,1669608394
13276224,296,11-24-2022,-123,6612,1669333312,1669333312,27,Westbound W 41 Ave @ Mackenzie St,49.234819,-123.170795,1669333189,-123,1669333189
13276242,300,12-07-2022,-120,6612,1670480634,1670480634,30,Westbound W 41 Ave @ Collingwood St,49.234836,-123.182546,1670480514,-120,1670480514
13276242,300,12-02-2022,-123,6612,1670048634,1670048634,30,Westbound W 41 Ave @ Collingwood St,49.234836,-123.182546,1670048511,-123,1670048511
13276224,296,11-30-2022,-119,6612,1669851712,1669851712,27,Westbound W 41 Ave @ Mackenzie St,49.234819,-123.170795,1669851593,-119,1669851593
13276219,105,11-28-2022,-140,6612,1669684854,1669684854,11,Westbound Cornwall Ave @ Point Grey Rd,49.272731,-123.160216,1669684714,-140,1669684714
13276146,109,12-05-2022,-158,6612,1670290724,1670290724,15,Southbound Macdonald St @ W 6th Ave,49.266274,-123.168483,1670290566,-158,1670290566
13276658,300,12-05-2022,-113,6612,1670234103,1670234103,30,Westbound W 41 Ave @ Collingwood St,49.234836,-123.182546,1670233990,-113,1670233990
13276175,114,11-28-2022,-116,6612,1669680930,1669680930,19,Westbound W 16 Ave @ Macdonald St,49.257816,-123.168896,1669680814,-116,1669680814
13276146,109,12-06-2022,-142,6612,1670377124,1670377124,15,Southbound Macdonald St @ W 6th Ave,49.266274,-123.168483,1670376982,-142,1670376982
13276146,109,11-25-2022,-119,6612,1669426724,1669426724,15,Southbound Macdonald St @ W 6th Ave,49.266274,-123.168483,1669426605,-119,1669426605
13339278,104,12-04-2022,-308,6612,1670145273,1670145273,10,Westbound Cornwall Ave @ Yew St,49.272645,-123.155439,1670144965,-308,1670144965
13339278,104,12-04-2022,-308,6612,1670145273,1670145273,10,Westbound Cornwall Ave @ Yew St,49.272645,-123.155439,1670144965,-308,1670144965
13276655,296,11-28-2022,-112,6612,1669626480,1669626480,27,Westbound W 41 Ave @ Mackenzie St,49.234819,-123.170795,1669626368,-112,1669626368
13276146,109,11-29-2022,-192,6612,1669772324,1669772324,15,Southbound Macdonald St @ W 6th Ave,49.266274,-123.168483,1669772132,-192,1669772132
13276146,109,11-23-2022,-113,6612,1669253924,1669253924,15,Southbound Macdonald St @ W 6th Ave,49.266274,-123.168483,1669253811,-113,1669253811
13276146,109,11-28-2022,-126,6612,1669685924,1669685924,15,Southbound Macdonald St @ W 6th Ave,49.266274,-123.168483,1669685798,-126,1669685798
13276675,54,11-27-2022,-117,6612,1669579313,1669579313,22,Eastbound W 16 Ave @ Trutch St,49.257636,-123.175459,1669579196,-117,1669579196
13276659,126,12-05-2022,-129,6612,1670232001,1670232001,24,Southbound Mackenzie St @ W 29 Ave,49.245848,-123.170308,1670231872,-129,1670231872
13276146,109,12-08-2022,-132,6612,1670549924,1670549924,15,Southbound Macdonald St @ W 6th Ave,49.266274,-123.168483,1670549792,-132,1670549792
13276658,300,11-28-2022,-121,6612,1669629303,1669629303,30,Westbound W 41 Ave @ Collingwood St,49.234836,-123.182546,1669629182,-121,1669629182
13276146,109,11-30-2022,-114,6612,1669858724,1669858724,15,Southbound Macdonald St @ W 6th Ave,49.266274,-123.168483,1669858610,-114,1669858610
13276175,114,12-02-2022,-283,6612,1670026530,1670026530,19,Westbound W 16 Ave @ Macdonald St,49.257816,-123.168896,1670026247,-283,1670026247
13276117,112,12-08-2022,-255,6612,1670516080,1670516080,18,Southbound Macdonald St @ W 13 Ave,49.260226,-123.168421,1670515825,-255,1670515825
13276166,130,11-22-2022,-164,6612,1669170507,1669170507,26,Southbound Mackenzie St @ W 37 Ave,49.238254,-123.170377,1669170343,-164,1669170343
13276166,130,11-25-2022,-121,6612,1669429707,1669429707,26,Southbound Mackenzie St @ W 37 Ave,49.238254,-123.170377,1669429586,-121,1669429586
13276202,1379,11-28-2022,-242,6612,1669663820,1669663820,14,Southbound Macdonald St @ W 4th Ave,49.268064,-123.168411,1669663578,-242,1669663578
13276117,112,11-25-2022,-126,6612,1669392880,1669392880,18,Southbound Macdonald St @ W 13 Ave,49.260226,-123.168421,1669392754,-126,1669392754
13276194,128,12-06-2022,-115,6612,1670370665,1670370665,25,Southbound Mackenzie St @ W 33 Ave,49.241997,-123.170345,1670370550,-115,1670370550
13276377,130,12-04-2022,-137,6612,1670141909,1670141909,26,Southbound Mackenzie St @ W 37 Ave,49.238254,-123.170377,1670141772,-137,1670141772
13276166,130,11-30-2022,-125,6612,1669861707,1669861707,26,Southbound Mackenzie St @ W 37 Ave,49.238254,-123.170377,1669861582,-125,1669861582
13276168,126,11-30-2022,-134,6612,1669866335,1669866335,24,Southbound Mackenzie St @ W 29 Ave,49.245848,-123.170308,1669866201,-134,1669866201
13276657,126,12-04-2022,-145,6612,1670227321,1670227321,24,Southbound Mackenzie St @ W 29 Ave,49.245848,-123.170308,1670227176,-145,1670227176
13276166,130,11-28-2022,-121,6612,1669688907,1669688907,26,Southbound Mackenzie St @ W 37 Ave,49.238254,-123.170377,1669688786,-121,1669688786
13276137,300,11-28-2022,-117,6612,1669675665,1669675665,30,Westbound W 41 Ave @ Collingwood St,49.234836,-123.182546,1669675548,-117,1669675548
13276202,1379,12-06-2022,-143,6612,1670355020,1670355020,14,Southbound Macdonald St @ W 4th Ave,49.268064,-123.168411,1670354877,-143,1670354877
13276192,124,11-29-2022,-130,6612,1669747456,1669747456,23,Southbound Quesnel Dr @ W King Edward Ave,49.249603,-123.171914,1669747326,-130,1669747326
13276243,300,12-01-2022,-130,6612,1669964034,1669964034,30,Westbound W 41 Ave @ Collingwood St,49.234836,-123.182546,1669963904,-130,1669963904
13276137,300,11-29-2022,-372,6612,1669762065,1669762065,30,Westbound W 41 Ave @ Collingwood St,49.234836,-123.182546,1669761693,-372,1669761693
13276243,300,12-06-2022,-125,6612,1670396034,1670396034,30,Westbound W 41 Ave @ Collingwood St,49.234836,-123.182546,1670395909,-125,1670395909
13276211,45,11-24-2022,-193,6612,1669324510,1669324510,3,Southbound Burrard St @ Robson St,49.283087,-123.123336,1669324317,-193,1669324317
13276211,45,11-24-2022,-193,6612,1669324510,1669324510,3,Southbound Burrard St @ Robson St,49.283087,-123.123336,1669324317,-193,1669324317
13276194,128,12-02-2022,-155,6612,1670025065,1670025065,25,Southbound Mackenzie St @ W 33 Ave,49.241997,-123.170345,1670024910,-155,1670024910
13276137,300,12-05-2022,-113,6612,1670280465,1670280465,30,Westbound W 41 Ave @ Collingwood St,49.234836,-123.182546,1670280352,-113,1670280352
13276166,130,12-01-2022,-139,6612,1669948107,1669948107,26,Southbound Mackenzie St @ W 37 Ave,49.238254,-123.170377,1669947968,-139,1669947968
13276224,128,12-02-2022,-123,6612,1670024345,1670024345,25,Southbound Mackenzie St @ W 33 Ave,49.241997,-123.170345,1670024222,-123,1670024222
13276658,299,11-28-2022,-121,6612,1669629267,1669629267,29,Westbound W 41 Ave @ Blenheim St,49.234831,-123.179103,1669629146,-121,1669629146
13276157,646,11-25-2022,-146,6612,1669405980,1669405980,31,Dunbar Loop @ Bay 2,49.234593,-123.18575,1669405834,-146,1669405834
13276204,128,12-05-2022,-116,6612,1670270856,1670270856,25,Southbound Mackenzie St @ W 33 Ave,49.241997,-123.170345,1670270740,-116,1670270740
13276202,1379,11-24-2022,-114,6612,1669318220,1669318220,14,Southbound Macdonald St @ W 4th Ave,49.268064,-123.168411,1669318106,-114,1669318106
13276243,300,11-28-2022,-175,6612,1669704834,1669704834,30,Westbound W 41 Ave @ Collingwood St,49.234836,-123.182546,1669704659,-175,1669704659
13276216,130,11-30-2022,-137,6612,1669855832,1669855832,26,Southbound Mackenzie St @ W 37 Ave,49.238254,-123.170377,1669855695,-137,1669855695
13276146,114,11-29-2022,-114,6612,1669772582,1669772582,19,Westbound W 16 Ave @ Macdonald St,49.257816,-123.168896,1669772468,-114,1669772468
13339271,126,11-26-2022,-131,6612,1669518701,1669518701,24,Southbound Mackenzie St @ W 29 Ave,49.245848,-123.170308,1669518570,-131,1669518570
13276146,114,12-08-2022,-143,6612,1670550182,1670550182,19,Westbound W 16 Ave @ Macdonald St,49.257816,-123.168896,1670550039,-143,1670550039
13276146,114,11-25-2022,-127,6612,1669426982,1669426982,19,Westbound W 16 Ave @ Macdonald St,49.257816,-123.168896,1669426855,-127,1669426855
13276146,114,11-30-2022,-133,6612,1669858982,1669858982,19,Westbound W 16 Ave @ Macdonald St,49.257816,-123.168896,1669858849,-133,1669858849
13276196,111,11-28-2022,-123,6612,1669656170,1669656170,17,Southbound Macdonald St @ W 11 Ave,49.261885,-123.16835,1669656047,-123,1669656047
13276232,8535,11-23-2022,-3542,6612,1669265601,1669265601,2,Burrard Station @ Bay 1,49.285306,-123.119982,1669262059,-3542,1669262059
13276232,8535,11-23-2022,-3542,6612,1669265601,1669265601,2,Burrard Station @ Bay 1,49.285306,-123.119982,1669262059,-3542,1669262059
13276146,114,11-23-2022,-121,6612,1669254182,1669254182,19,Westbound W 16 Ave @ Macdonald St,49.257816,-123.168896,1669254061,-121,1669254061
13276196,111,12-07-2022,-123,6612,1670433770,1670433770,17,Southbound Macdonald St @ W 11 Ave,49.261885,-123.16835,1670433647,-123,1670433647
13276146,114,12-06-2022,-153,6612,1670377382,1670377382,19,Westbound W 16 Ave @ Macdonald St,49.257816,-123.168896,1670377229,-153,1670377229
13339259,12671,11-26-2022,-131,6612,1669504763,1669504763,28,Westbound W 41 Ave @ Carnarvon St,49.234826,-123.174148,1669504632,-131,1669504632
13276146,114,12-02-2022,-124,6612,1670031782,1670031782,19,Westbound W 16 Ave @ Macdonald St,49.257816,-123.168896,1670031658,-124,1670031658
13276146,114,11-28-2022,-139,6612,1669686182,1669686182,19,Westbound W 16 Ave @ Macdonald St,49.257816,-123.168896,1669686043,-139,1669686043
13276161,46,12-06-2022,-1194,6612,1670361921,1670361921,4,Southbound Burrard St @ Barclay St,49.282068,-123.12488,1670360727,-1194,1670360727
13276161,46,12-06-2022,-1194,6612,1670361921,1670361921,4,Southbound Burrard St @ Barclay St,49.282068,-123.12488,1670360727,-1194,1670360727
13276146,114,12-05-2022,-169,6612,1670290982,1670290982,19,Westbound W 16 Ave @ Macdonald St,49.257816,-123.168896,1670290813,-169,1670290813
13276654,106,12-05-2022,-113,6612,1670232453,1670232453,12,Westbound Cornwall Ave @ Trafalgar St,49.272799,-123.164636,1670232340,-113,1670232340
13276153,114,12-02-2022,-123,6612,1670000199,1670000199,19,Westbound W 16 Ave @ Macdonald St,49.257816,-123.168896,1670000076,-123,1670000076
13276234,98,12-07-2022,-187,6612,1670468314,1670468314,6,Southbound Burrard St @ Davie St,49.278914,-123.12964,1670468127,-187,1670468127
13276234,98,11-22-2022,-111,6612,1669172314,1669172314,6,Southbound Burrard St @ Davie St,49.278914,-123.12964,1669172203,-111,1669172203
13276396,54,12-03-2022,-184,6612,1670131018,1670131018,22,Eastbound W 16 Ave @ Trutch St,49.257636,-123.175459,1670130834,-184,1670130834
13276378,107,12-04-2022,-119,6612,1670142234,1670142234,13,Southbound Macdonald St @ W 1st Ave,49.270753,-123.168323,1670142115,-119,1670142115
13276124,110,12-05-2022,-121,6612,1670253093,1670253093,16,Southbound Macdonald St @ W Broadway,49.264268,-123.168373,1670252972,-121,1670252972
13276208,55,11-30-2022,-159,6612,1669841880,1669841880,23,Eastbound W 16 Ave @ Carnarvon St,49.257583,-123.17185,1669841721,-159,1669841721
13276208,55,11-30-2022,-159,6612,1669841880,1669841880,23,Eastbound W 16 Ave @ Carnarvon St,49.257583,-123.17185,1669841721,-159,1669841721
13276124,110,11-25-2022,-188,6612,1669389093,1669389093,16,Southbound Macdonald St @ W Broadway,49.264268,-123.168373,1669388905,-188,1669388905
13276124,110,12-02-2022,-123,6612,1669993893,1669993893,16,Southbound Macdonald St @ W Broadway,49.264268,-123.168373,1669993770,-123,1669993770
13339271,300,11-26-2022,-136,6612,1669519125,1669519125,30,Westbound W 41 Ave @ Collingwood St,49.234836,-123.182546,1669518989,-136,1669518989
13276124,110,12-08-2022,-150,6612,1670512293,1670512293,16,Southbound Macdonald St @ W Broadway,49.264268,-123.168373,1670512143,-150,1670512143
13276208,55,12-06-2022,-114,6612,1670360280,1670360280,23,Eastbound W 16 Ave @ Carnarvon St,49.257583,-123.17185,1670360166,-114,1670360166
13339238,55,12-03-2022,-150,6612,1670109600,1670109600,23,Eastbound W 16 Ave @ Carnarvon St,49.257583,-123.17185,1670109450,-150,1670109450
13276413,300,11-26-2022,-121,6612,1669483257,1669483257,30,Westbound W 41 Ave @ Collingwood St,49.234836,-123.182546,1669483136,-121,1669483136
13276138,128,11-22-2022,-113,6612,1669188864,1669188864,25,Southbound Mackenzie St @ W 33 Ave,49.241997,-123.170345,1669188751,-113,1669188751
13276123,300,11-24-2022,-131,6612,1669302532,1669302532,30,Westbound W 41 Ave @ Collingwood St,49.234836,-123.182546,1669302401,-131,1669302401
13276123,300,11-28-2022,-176,6612,1669648131,1669648131,30,Westbound W 41 Ave @ Collingwood St,49.234836,-123.182546,1669647955,-176,1669647955
13276122,128,11-25-2022,-139,6612,1669387344,1669387344,25,Southbound Mackenzie St @ W 33 Ave,49.241997,-123.170345,1669387205,-139,1669387205
13276123,300,12-01-2022,-152,6612,1669907331,1669907331,30,Westbound W 41 Ave @ Collingwood St,49.234836,-123.182546,1669907179,-152,1669907179
13276123,300,11-30-2022,-176,6612,1669820931,1669820931,30,Westbound W 41 Ave @ Collingwood St,49.234836,-123.182546,1669820755,-176,1669820755
13276226,300,12-05-2022,-169,6612,1670294802,1670294802,30,Westbound W 41 Ave @ Collingwood St,49.234836,-123.182546,1670294633,-169,1670294633
13276123,300,12-08-2022,-128,6612,1670512131,1670512131,30,Westbound W 41 Ave @ Collingwood St,49.234836,-123.182546,1670512003,-128,1670512003
13276123,300,11-29-2022,-137,6612,1669734531,1669734531,30,Westbound W 41 Ave @ Collingwood St,49.234836,-123.182546,1669734394,-137,1669734394
13276119,112,11-24-2022,-112,6612,1669309231,1669309231,18,Southbound Macdonald St @ W 13 Ave,49.260226,-123.168421,1669309119,-112,1669309119
13276655,130,11-28-2022,-160,6612,1669626419,1669626419,26,Southbound Mackenzie St @ W 37 Ave,49.238254,-123.170377,1669626259,-160,1669626259
13276123,300,11-23-2022,-129,6612,1669216132,1669216132,30,Westbound W 41 Ave @ Collingwood St,49.234836,-123.182546,1669216003,-129,1669216003
13276119,112,11-23-2022,-118,6612,1669222831,1669222831,18,Southbound Macdonald St @ W 13 Ave,49.260226,-123.168421,1669222713,-118,1669222713
13276190,116,12-02-2022,-117,6612,1670012171,1670012171,21,Westbound W 16 Ave @ Balaclava St,49.257904,-123.17458,1670012054,-117,1670012054
13276232,12671,11-23-2022,-3458,6612,1669267036,1669267036,28,Westbound W 41 Ave @ Carnarvon St,49.234826,-123.174148,1669263578,-3458,1669263578
13276232,12671,11-23-2022,-3458,6612,1669267036,1669267036,28,Westbound W 41 Ave @ Carnarvon St,49.234826,-123.174148,1669263578,-3458,1669263578
13339273,299,11-26-2022,-126,6612,1669521413,1669521413,29,Westbound W 41 Ave @ Blenheim St,49.234831,-123.179103,1669521287,-126,1669521287
13276122,128,11-24-2022,-131,6612,1669300944,1669300944,25,Southbound Mackenzie St @ W 33 Ave,49.241997,-123.170345,1669300813,-131,1669300813
13276123,300,12-07-2022,-161,6612,1670425731,1670425731,30,Westbound W 41 Ave @ Collingwood St,49.234836,-123.182546,1670425570,-161,1670425570
13276232,12671,11-24-2022,-119,6612,1669353436,1669353436,28,Westbound W 41 Ave @ Carnarvon St,49.234826,-123.174148,1669353317,-119,1669353317
13276123,300,12-06-2022,-149,6612,1670339331,1670339331,30,Westbound W 41 Ave @ Collingwood St,49.234836,-123.182546,1670339182,-149,1670339182
13276119,112,11-28-2022,-167,6612,1669654831,1669654831,18,Southbound Macdonald St @ W 13 Ave,49.260226,-123.168421,1669654664,-167,1669654664
13276119,112,12-07-2022,-124,6612,1670432431,1670432431,18,Southbound Macdonald St @ W 13 Ave,49.260226,-123.168421,1670432307,-124,1670432307
13276123,300,12-05-2022,-122,6612,1670252931,1670252931,30,Westbound W 41 Ave @ Collingwood St,49.234836,-123.182546,1670252809,-122,1670252809
13276226,300,11-28-2022,-116,6612,1669690002,1669690002,30,Westbound W 41 Ave @ Collingwood St,49.234836,-123.182546,1669689886,-116,1669689886
13276161,101,12-06-2022,-1180,6612,1670362332,1670362332,8,Westbound Cornwall Ave @ Cypress St,49.272539,-123.148302,1670361152,-1180,1670361152
13276161,101,12-06-2022,-1180,6612,1670362332,1670362332,8,Westbound Cornwall Ave @ Cypress St,49.272539,-123.148302,1670361152,-1180,1670361152
13276119,112,12-05-2022,-119,6612,1670259631,1670259631,18,Southbound Macdonald St @ W 13 Ave,49.260226,-123.168421,1670259512,-119,1670259512
13276123,300,11-25-2022,-159,6612,1669388932,1669388932,30,Westbound W 41 Ave @ Collingwood St,49.234836,-123.182546,1669388773,-159,1669388773
13276179,130,12-01-2022,-159,6612,1669949852,1669949852,26,Southbound Mackenzie St @ W 37 Ave,49.238254,-123.170377,1669949693,-159,1669949693
13276179,130,12-02-2022,-125,6612,1670036252,1670036252,26,Southbound Mackenzie St @ W 37 Ave,49.238254,-123.170377,1670036127,-125,1670036127
13276162,109,11-29-2022,-130,6612,1669756263,1669756263,15,Southbound Macdonald St @ W 6th Ave,49.266274,-123.168483,1669756133,-130,1669756133
13276187,300,12-08-2022,-202,6612,1670551001,1670551001,30,Westbound W 41 Ave @ Collingwood St,49.234836,-123.182546,1670550799,-202,1670550799
13276162,109,12-02-2022,-163,6612,1670015463,1670015463,15,Southbound Macdonald St @ W 6th Ave,49.266274,-123.168483,1670015300,-163,1670015300
13276225,55,11-23-2022,-149,6612,1669246200,1669246200,23,Eastbound W 16 Ave @ Carnarvon St,49.257583,-123.17185,1669246051,-149,1669246051
13276179,130,12-06-2022,-142,6612,1670381852,1670381852,26,Southbound Mackenzie St @ W 37 Ave,49.238254,-123.170377,1670381710,-142,1670381710
13276186,109,11-28-2022,-172,6612,1669675203,1669675203,15,Southbound Macdonald St @ W 6th Ave,49.266274,-123.168483,1669675031,-172,1669675031
13276155,116,12-06-2022,-118,6612,1670344391,1670344391,21,Westbound W 16 Ave @ Balaclava St,49.257904,-123.17458,1670344273,-118,1670344273
13276155,116,12-02-2022,-113,6612,1669998791,1669998791,21,Westbound W 16 Ave @ Balaclava St,49.257904,-123.17458,1669998678,-113,1669998678
13276162,109,12-08-2022,-118,6612,1670533863,1670533863,15,Southbound Macdonald St @ W 6th Ave,49.266274,-123.168483,1670533745,-118,1670533745
13276225,55,11-30-2022,-123,6612,1669851000,1669851000,23,Eastbound W 16 Ave @ Carnarvon St,49.257583,-123.17185,1669850877,-123,1669850877
13276378,112,12-04-2022,-133,6612,1670142441,1670142441,18,Southbound Macdonald St @ W 13 Ave,49.260226,-123.168421,1670142308,-133,1670142308
13276173,47,12-07-2022,-3370,6612,1670471761,1670471761,5,Southbound Burrard St @ Nelson St,49.280981,-123.126516,1670468391,-3370,1670468391
13276179,130,11-25-2022,-116,6612,1669431452,1669431452,26,Southbound Mackenzie St @ W 37 Ave,49.238254,-123.170377,1669431336,-116,1669431336
13276585,112,12-04-2022,-113,6612,1670186320,1670186320,18,Southbound Macdonald St @ W 13 Ave,49.260226,-123.168421,1670186207,-113,1670186207
13276162,109,11-23-2022,-142,6612,1669237863,1669237863,15,Southbound Macdonald St @ W 6th Ave,49.266274,-123.168483,1669237721,-142,1669237721
13276179,130,12-05-2022,-168,6612,1670295452,1670295452,26,Southbound Mackenzie St @ W 37 Ave,49.238254,-123.170377,1670295284,-168,1670295284
13276123,299,12-08-2022,-116,6612,1670512088,1670512088,29,Westbound W 41 Ave @ Blenheim St,49.234831,-123.179103,1670511972,-116,1670511972
13276141,124,12-07-2022,-128,6612,1670403261,1670403261,23,Southbound Quesnel Dr @ W King Edward Ave,49.249603,-123.171914,1670403133,-128,1670403133
13276235,110,11-28-2022,-125,6612,1669693818,1669693818,16,Southbound Macdonald St @ W Broadway,49.264268,-123.168373,1669693693,-125,1669693693
13276235,110,11-23-2022,-142,6612,1669261818,1669261818,16,Southbound Macdonald St @ W Broadway,49.264268,-123.168373,1669261676,-142,1669261676
13276136,12671,11-30-2022,-143,6612,1669847441,1669847441,28,Westbound W 41 Ave @ Carnarvon St,49.234826,-123.174148,1669847298,-143,1669847298
13276184,109,12-02-2022,-122,6612,1670021703,1670021703,15,Southbound Macdonald St @ W 6th Ave,49.266274,-123.168483,1670021581,-122,1670021581
13276393,300,11-26-2022,-137,6612,1669524946,1669524946,30,Westbound W 41 Ave @ Collingwood St,49.234836,-123.182546,1669524809,-137,1669524809
13276141,124,11-29-2022,-116,6612,1669712061,1669712061,23,Southbound Quesnel Dr @ W King Edward Ave,49.249603,-123.171914,1669711945,-116,1669711945
13276123,299,11-28-2022,-161,6612,1669648088,1669648088,29,Westbound W 41 Ave @ Blenheim St,49.234831,-123.179103,1669647927,-161,1669647927
13276184,109,12-06-2022,-120,6612,1670367303,1670367303,15,Southbound Macdonald St @ W 6th Ave,49.266274,-123.168483,1670367183,-120,1670367183
13276123,299,12-07-2022,-146,6612,1670425688,1670425688,29,Westbound W 41 Ave @ Blenheim St,49.234831,-123.179103,1670425542,-146,1670425542
13276123,299,11-25-2022,-144,6612,1669388889,1669388889,29,Westbound W 41 Ave @ Blenheim St,49.234831,-123.179103,1669388745,-144,1669388745
13276123,299,11-29-2022,-122,6612,1669734488,1669734488,29,Westbound W 41 Ave @ Blenheim St,49.234831,-123.179103,1669734366,-122,1669734366
13276235,110,11-22-2022,-3907,6612,1669175418,1669175418,16,Southbound Macdonald St @ W Broadway,49.264268,-123.168373,1669171511,-3907,1669171511
13276123,299,11-30-2022,-161,6612,1669820888,1669820888,29,Westbound W 41 Ave @ Blenheim St,49.234831,-123.179103,1669820727,-161,1669820727
13276123,299,12-01-2022,-136,6612,1669907288,1669907288,29,Westbound W 41 Ave @ Blenheim St,49.234831,-123.179103,1669907152,-136,1669907152
13276223,105,11-29-2022,-127,6612,1669773382,1669773382,11,Westbound Cornwall Ave @ Point Grey Rd,49.272731,-123.160216,1669773255,-127,1669773255
13276123,299,11-23-2022,-130,6612,1669216089,1669216089,29,Westbound W 41 Ave @ Blenheim St,49.234831,-123.179103,1669215959,-130,1669215959
13339362,128,12-04-2022,-174,6612,1670216916,1670216916,25,Southbound Mackenzie St @ W 33 Ave,49.241997,-123.170345,1670216742,-174,1670216742
13276136,12671,12-06-2022,-168,6612,1670365841,1670365841,28,Westbound W 41 Ave @ Carnarvon St,49.234826,-123.174148,1670365673,-168,1670365673
13276136,12671,11-23-2022,-130,6612,1669242641,1669242641,28,Westbound W 41 Ave @ Carnarvon St,49.234826,-123.174148,1669242511,-130,1669242511
13276161,103,12-06-2022,-1183,6612,1670362401,1670362401,9,Westbound Cornwall Ave @ Arbutus St,49.272608,-123.152989,1670361218,-1183,1670361218
13276161,103,12-06-2022,-1183,6612,1670362401,1670362401,9,Westbound Cornwall Ave @ Arbutus St,49.272608,-123.152989,1670361218,-1183,1670361218
13276136,12671,12-02-2022,-114,6612,1670020241,1670020241,28,Westbound W 41 Ave @ Carnarvon St,49.234826,-123.174148,1670020127,-114,1670020127
13276393,300,12-03-2022,-165,6612,1670129746,1670129746,30,Westbound W 41 Ave @ Collingwood St,49.234836,-123.182546,1670129581,-165,1670129581
13276136,12671,12-01-2022,-132,6612,1669933841,1669933841,28,Westbound W 41 Ave @ Carnarvon St,49.234826,-123.174148,1669933709,-132,1669933709
13276379,128,12-04-2022,-124,6612,1670143644,1670143644,25,Southbound Mackenzie St @ W 33 Ave,49.241997,-123.170345,1670143520,-124,1670143520
13276123,299,11-24-2022,-116,6612,1669302489,1669302489,29,Westbound W 41 Ave @ Blenheim St,49.234831,-123.179103,1669302373,-116,1669302373
13276123,299,12-06-2022,-134,6612,1670339288,1670339288,29,Westbound W 41 Ave @ Blenheim St,49.234831,-123.179103,1670339154,-134,1670339154
13276236,300,12-01-2022,-114,6612,1669955334,1669955334,30,Westbound W 41 Ave @ Collingwood St,49.234836,-123.182546,1669955220,-114,1669955220
13276163,12671,12-05-2022,-140,6612,1670290181,1670290181,28,Westbound W 41 Ave @ Carnarvon St,49.234826,-123.174148,1670290041,-140,1670290041
13276239,300,12-07-2022,-119,6612,1670477934,1670477934,30,Westbound W 41 Ave @ Collingwood St,49.234836,-123.182546,1670477815,-119,1670477815
13276209,300,11-30-2022,-216,6612,1669842945,1669842945,30,Westbound W 41 Ave @ Collingwood St,49.234836,-123.182546,1669842729,-216,1669842729
13276239,300,11-23-2022,-117,6612,1669268334,1669268334,30,Westbound W 41 Ave @ Collingwood St,49.234836,-123.182546,1669268217,-117,1669268217
13339359,130,11-27-2022,-116,6612,1669606892,1669606892,26,Southbound Mackenzie St @ W 37 Ave,49.238254,-123.170377,1669606776,-116,1669606776
13276209,300,12-06-2022,-113,6612,1670361345,1670361345,30,Westbound W 41 Ave @ Collingwood St,49.234836,-123.182546,1670361232,-113,1670361232
13276209,300,12-01-2022,-112,6612,1669929345,1669929345,30,Westbound W 41 Ave @ Collingwood St,49.234836,-123.182546,1669929233,-112,1669929233
13276239,300,12-02-2022,-120,6612,1670045934,1670045934,30,Westbound W 41 Ave @ Collingwood St,49.234836,-123.182546,1670045814,-120,1670045814
13276163,12671,11-28-2022,-117,6612,1669685381,1669685381,28,Westbound W 41 Ave @ Carnarvon St,49.234826,-123.174148,1669685264,-117,1669685264
13276209,300,11-23-2022,-178,6612,1669238145,1669238145,30,Westbound W 41 Ave @ Collingwood St,49.234836,-123.182546,1669237967,-178,1669237967
13276209,300,12-02-2022,-130,6612,1670015745,1670015745,30,Westbound W 41 Ave @ Collingwood St,49.234836,-123.182546,1670015615,-130,1670015615
13276209,300,12-05-2022,-118,6612,1670274945,1670274945,30,Westbound W 41 Ave @ Collingwood St,49.234836,-123.182546,1670274827,-118,1670274827
13276209,300,11-24-2022,-154,6612,1669324545,1669324545,30,Westbound W 41 Ave @ Collingwood St,49.234836,-123.182546,1669324391,-154,1669324391
13276239,300,11-24-2022,-182,6612,1669354734,1669354734,30,Westbound W 41 Ave @ Collingwood St,49.234836,-123.182546,1669354552,-182,1669354552
13276163,12671,12-02-2022,-158,6612,1670030981,1670030981,28,Westbound W 41 Ave @ Carnarvon St,49.234826,-123.174148,1670030823,-158,1670030823
13339359,130,12-04-2022,-150,6612,1670211692,1670211692,26,Southbound Mackenzie St @ W 37 Ave,49.238254,-123.170377,1670211542,-150,1670211542
13276221,114,11-30-2022,-113,6612,1669859702,1669859702,19,Westbound W 16 Ave @ Macdonald St,49.257816,-123.168896,1669859589,-113,1669859589
13276221,114,11-29-2022,-139,6612,1669773302,1669773302,19,Westbound W 16 Ave @ Macdonald St,49.257816,-123.168896,1669773163,-139,1669773163
13276153,54,11-24-2022,-134,6612,1669309131,1669309131,22,Eastbound W 16 Ave @ Trutch St,49.257636,-123.175459,1669308997,-134,1669308997
13276177,114,11-30-2022,-120,6612,1669861037,1669861037,19,Westbound W 16 Ave @ Macdonald St,49.257816,-123.168896,1669860917,-120,1669860917
13276177,114,12-02-2022,-138,6612,1670033837,1670033837,19,Westbound W 16 Ave @ Macdonald St,49.257816,-123.168896,1670033699,-138,1670033699
13276221,114,12-02-2022,-116,6612,1670032502,1670032502,19,Westbound W 16 Ave @ Macdonald St,49.257816,-123.168896,1670032386,-116,1670032386
13276232,101,11-23-2022,-3475,6612,1669266010,1669266010,8,Westbound Cornwall Ave @ Cypress St,49.272539,-123.148302,1669262535,-3475,1669262535
13276153,54,12-02-2022,-123,6612,1670000331,1670000331,22,Eastbound W 16 Ave @ Trutch St,49.257636,-123.175459,1670000208,-123,1670000208
13276153,54,11-28-2022,-129,6612,1669654731,1669654731,22,Eastbound W 16 Ave @ Trutch St,49.257636,-123.175459,1669654602,-129,1669654602
13276221,114,12-06-2022,-134,6612,1670378102,1670378102,19,Westbound W 16 Ave @ Macdonald St,49.257816,-123.168896,1670377968,-134,1670377968
13276153,54,12-05-2022,-119,6612,1670259531,1670259531,22,Eastbound W 16 Ave @ Trutch St,49.257636,-123.175459,1670259412,-119,1670259412
13276365,126,11-26-2022,-157,6612,1669494651,1669494651,24,Southbound Mackenzie St @ W 29 Ave,49.245848,-123.170308,1669494494,-157,1669494494
13276177,114,12-05-2022,-170,6612,1670293037,1670293037,19,Westbound W 16 Ave @ Macdonald St,49.257816,-123.168896,1670292867,-170,1670292867
13276218,110,12-05-2022,-133,6612,1670288531,1670288531,16,Southbound Macdonald St @ W Broadway,49.264268,-123.168373,1670288398,-133,1670288398
13276221,114,12-08-2022,-128,6612,1670550902,1670550902,19,Westbound W 16 Ave @ Macdonald St,49.257816,-123.168896,1670550774,-128,1670550774
13276153,54,11-25-2022,-127,6612,1669395531,1669395531,22,Eastbound W 16 Ave @ Trutch St,49.257636,-123.175459,1669395404,-127,1669395404
13276125,121,11-29-2022,-114,6612,1669735485,1669735485,21,Southbound Macdonald St @ Alamein Ave,49.249858,-123.167913,1669735371,-114,1669735371
13276218,110,12-06-2022,-121,6612,1670374931,1670374931,16,Southbound Macdonald St @ W Broadway,49.264268,-123.168373,1670374810,-121,1670374810
13276177,114,11-28-2022,-202,6612,1669688237,1669688237,19,Westbound W 16 Ave @ Macdonald St,49.257816,-123.168896,1669688035,-202,1669688035
13276223,106,11-29-2022,-131,6612,1669773463,1669773463,12,Westbound Cornwall Ave @ Trafalgar St,49.272799,-123.164636,1669773332,-131,1669773332
13276237,110,12-02-2022,-122,6612,1670034503,1670034503,16,Southbound Macdonald St @ W Broadway,49.264268,-123.168373,1670034381,-122,1670034381
13276165,646,11-30-2022,-180,6612,1669864620,1669864620,31,Dunbar Loop @ Bay 2,49.234593,-123.18575,1669864440,-180,1669864440
13276162,54,11-30-2022,-112,6612,1669843011,1669843011,22,Eastbound W 16 Ave @ Trutch St,49.257636,-123.175459,1669842899,-112,1669842899
13276186,116,11-28-2022,-132,6612,1669675511,1669675511,21,Westbound W 16 Ave @ Balaclava St,49.257904,-123.17458,1669675379,-132,1669675379
13276162,54,11-23-2022,-135,6612,1669238211,1669238211,22,Eastbound W 16 Ave @ Trutch St,49.257636,-123.175459,1669238076,-135,1669238076
13276197,124,12-05-2022,-270,6612,1670264656,1670264656,23,Southbound Quesnel Dr @ W King Edward Ave,49.249603,-123.171914,1670264386,-270,1670264386
13276162,54,12-06-2022,-128,6612,1670361411,1670361411,22,Eastbound W 16 Ave @ Trutch St,49.257636,-123.175459,1670361283,-128,1670361283
13276162,54,12-01-2022,-145,6612,1669929411,1669929411,22,Eastbound W 16 Ave @ Trutch St,49.257636,-123.175459,1669929266,-145,1669929266
13276162,54,11-25-2022,-117,6612,1669411011,1669411011,22,Eastbound W 16 Ave @ Trutch St,49.257636,-123.175459,1669410894,-117,1669410894
13276162,54,12-08-2022,-138,6612,1670534211,1670534211,22,Eastbound W 16 Ave @ Trutch St,49.257636,-123.175459,1670534073,-138,1670534073
13276162,54,11-29-2022,-154,6612,1669756611,1669756611,22,Eastbound W 16 Ave @ Trutch St,49.257636,-123.175459,1669756457,-154,1669756457
13276165,646,11-29-2022,-116,6612,1669778220,1669778220,31,Dunbar Loop @ Bay 2,49.234593,-123.18575,1669778104,-116,1669778104
13276148,101,11-30-2022,-420,6612,1669854470,1669854470,8,Westbound Cornwall Ave @ Cypress St,49.272539,-123.148302,1669854050,-420,1669854050
13276186,116,11-23-2022,-119,6612,1669243511,1669243511,21,Westbound W 16 Ave @ Balaclava St,49.257904,-123.17458,1669243392,-119,1669243392
13276162,54,12-02-2022,-156,6612,1670015811,1670015811,22,Eastbound W 16 Ave @ Trutch St,49.257636,-123.175459,1670015655,-156,1670015655
13276186,116,12-05-2022,-112,6612,1670280311,1670280311,21,Westbound W 16 Ave @ Balaclava St,49.257904,-123.17458,1670280199,-112,1670280199
13276155,103,12-06-2022,-118,6612,1670343702,1670343702,9,Westbound Cornwall Ave @ Arbutus St,49.272608,-123.152989,1670343584,-118,1670343584
13276209,296,11-23-2022,-115,6612,1669237972,1669237972,27,Westbound W 41 Ave @ Mackenzie St,49.234819,-123.170795,1669237857,-115,1669237857
13276192,128,11-25-2022,-190,6612,1669402009,1669402009,25,Southbound Mackenzie St @ W 33 Ave,49.241997,-123.170345,1669401819,-190,1669401819
13276142,299,11-29-2022,-271,6612,1669714158,1669714158,29,Westbound W 41 Ave @ Blenheim St,49.234831,-123.179103,1669713887,-271,1669713887
13276146,1379,11-29-2022,-178,6612,1669772272,1669772272,14,Southbound Macdonald St @ W 4th Ave,49.268064,-123.168411,1669772094,-178,1669772094
13276209,296,11-30-2022,-153,6612,1669842772,1669842772,27,Westbound W 41 Ave @ Mackenzie St,49.234819,-123.170795,1669842619,-153,1669842619
13276146,1379,11-28-2022,-112,6612,1669685872,1669685872,14,Southbound Macdonald St @ W 4th Ave,49.268064,-123.168411,1669685760,-112,1669685760
13276192,128,12-07-2022,-121,6612,1670438809,1670438809,25,Southbound Mackenzie St @ W 33 Ave,49.241997,-123.170345,1670438688,-121,1670438688
13276146,1379,11-23-2022,-114,6612,1669253872,1669253872,14,Southbound Macdonald St @ W 4th Ave,49.268064,-123.168411,1669253758,-114,1669253758
13276146,1379,12-05-2022,-146,6612,1670290672,1670290672,14,Southbound Macdonald St @ W 4th Ave,49.268064,-123.168411,1670290526,-146,1670290526
13276146,1379,11-25-2022,-129,6612,1669426672,1669426672,14,Southbound Macdonald St @ W 4th Ave,49.268064,-123.168411,1669426543,-129,1669426543
13276223,114,11-29-2022,-129,6612,1669773917,1669773917,19,Westbound W 16 Ave @ Macdonald St,49.257816,-123.168896,1669773788,-129,1669773788
13276192,128,11-29-2022,-175,6612,1669747609,1669747609,25,Southbound Mackenzie St @ W 33 Ave,49.241997,-123.170345,1669747434,-175,1669747434
13276142,299,12-06-2022,-253,6612,1670318958,1670318958,29,Westbound W 41 Ave @ Blenheim St,49.234831,-123.179103,1670318705,-253,1670318705
13276209,296,12-02-2022,-169,6612,1670015572,1670015572,27,Westbound W 41 Ave @ Mackenzie St,49.234819,-123.170795,1670015403,-169,1670015403
13276377,299,12-04-2022,-179,6612,1670142074,1670142074,29,Westbound W 41 Ave @ Blenheim St,49.234831,-123.179103,1670141895,-179,1670141895
13276377,299,11-27-2022,-117,6612,1669537274,1669537274,29,Westbound W 41 Ave @ Blenheim St,49.234831,-123.179103,1669537157,-117,1669537157
13276146,1379,11-30-2022,-136,6612,1669858672,1669858672,14,Southbound Macdonald St @ W 4th Ave,49.268064,-123.168411,1669858536,-136,1669858536
13339271,12671,11-26-2022,-156,6612,1669519001,1669519001,28,Westbound W 41 Ave @ Carnarvon St,49.234826,-123.174148,1669518845,-156,1669518845
13276146,1379,12-06-2022,-130,6612,1670377072,1670377072,14,Southbound Macdonald St @ W 4th Ave,49.268064,-123.168411,1670376942,-130,1670376942
13276223,114,11-30-2022,-114,6612,1669860317,1669860317,19,Westbound W 16 Ave @ Macdonald St,49.257816,-123.168896,1669860203,-114,1669860203
13276146,1379,12-08-2022,-118,6612,1670549872,1670549872,14,Southbound Macdonald St @ W 4th Ave,49.268064,-123.168411,1670549754,-118,1670549754
13276144,300,12-06-2022,-171,6612,1670369505,1670369505,30,Westbound W 41 Ave @ Collingwood St,49.234836,-123.182546,1670369334,-171,1670369334
13276220,646,11-23-2022,-111,6612,1669254360,1669254360,31,Dunbar Loop @ Bay 2,49.234593,-123.18575,1669254249,-111,1669254249
13276155,104,12-06-2022,-124,6612,1670343742,1670343742,10,Westbound Cornwall Ave @ Yew St,49.272645,-123.155439,1670343618,-124,1670343618
13276123,124,12-01-2022,-114,6612,1669906892,1669906892,23,Southbound Quesnel Dr @ W King Edward Ave,49.249603,-123.171914,1669906778,-114,1669906778
13276164,646,11-30-2022,-136,6612,1669856940,1669856940,31,Dunbar Loop @ Bay 2,49.234593,-123.18575,1669856804,-136,1669856804
13276220,646,11-29-2022,-146,6612,1669772760,1669772760,31,Dunbar Loop @ Bay 2,49.234593,-123.18575,1669772614,-146,1669772614
13276217,104,11-30-2022,-128,6612,1669855311,1669855311,10,Westbound Cornwall Ave @ Yew St,49.272645,-123.155439,1669855183,-128,1669855183
13276217,104,11-30-2022,-128,6612,1669855311,1669855311,10,Westbound Cornwall Ave @ Yew St,49.272645,-123.155439,1669855183,-128,1669855183
13276172,109,11-29-2022,-121,6612,1669744323,1669744323,15,Southbound Macdonald St @ W 6th Ave,49.266274,-123.168483,1669744202,-121,1669744202
13276164,646,12-06-2022,-151,6612,1670375340,1670375340,31,Dunbar Loop @ Bay 2,49.234593,-123.18575,1670375189,-151,1670375189
13339259,300,12-03-2022,-154,6612,1670109697,1670109697,30,Westbound W 41 Ave @ Collingwood St,49.234836,-123.182546,1670109543,-154,1670109543
13339259,300,11-26-2022,-150,6612,1669504897,1669504897,30,Westbound W 41 Ave @ Collingwood St,49.234836,-123.182546,1669504747,-150,1669504747
13276144,300,12-02-2022,-119,6612,1670023905,1670023905,30,Westbound W 41 Ave @ Collingwood St,49.234836,-123.182546,1670023786,-119,1670023786
13339268,300,11-26-2022,-149,6612,1669515639,1669515639,30,Westbound W 41 Ave @ Collingwood St,49.234836,-123.182546,1669515490,-149,1669515490
13276155,54,12-06-2022,-133,6612,1670344431,1670344431,22,Eastbound W 16 Ave @ Trutch St,49.257636,-123.175459,1670344298,-133,1670344298
13276148,8535,11-30-2022,-420,6612,1669853877,1669853877,2,Burrard Station @ Bay 1,49.285306,-123.119982,1669853457,-420,1669853457
13276155,54,12-02-2022,-126,6612,1669998831,1669998831,22,Eastbound W 16 Ave @ Trutch St,49.257636,-123.175459,1669998705,-126,1669998705
13276220,646,11-24-2022,-167,6612,1669340760,1669340760,31,Dunbar Loop @ Bay 2,49.234593,-123.18575,1669340593,-167,1669340593
13276172,109,12-07-2022,-125,6612,1670435523,1670435523,15,Southbound Macdonald St @ W 6th Ave,49.266274,-123.168483,1670435398,-125,1670435398
13276220,646,12-02-2022,-204,6612,1670031960,1670031960,31,Dunbar Loop @ Bay 2,49.234593,-123.18575,1670031756,-204,1670031756
13276144,300,12-01-2022,-115,6612,1669937505,1669937505,30,Westbound W 41 Ave @ Collingwood St,49.234836,-123.182546,1669937390,-115,1669937390
13276123,124,11-24-2022,-128,6612,1669302093,1669302093,23,Southbound Quesnel Dr @ W King Edward Ave,49.249603,-123.171914,1669301965,-128,1669301965
13276245,128,11-29-2022,-151,6612,1669792764,1669792764,25,Southbound Mackenzie St @ W 33 Ave,49.241997,-123.170345,1669792613,-151,1669792613
13276164,646,11-23-2022,-177,6612,1669252140,1669252140,31,Dunbar Loop @ Bay 2,49.234593,-123.18575,1669251963,-177,1669251963
13276220,646,12-07-2022,-126,6612,1670463960,1670463960,31,Dunbar Loop @ Bay 2,49.234593,-123.18575,1670463834,-126,1670463834
13276172,109,11-28-2022,-163,6612,1669657923,1669657923,15,Southbound Macdonald St @ W 6th Ave,49.266274,-123.168483,1669657760,-163,1669657760
13276220,646,11-30-2022,-158,6612,1669859160,1669859160,31,Dunbar Loop @ Bay 2,49.234593,-123.18575,1669859002,-158,1669859002
13276232,128,11-23-2022,-3424,6612,1669266864,1669266864,25,Southbound Mackenzie St @ W 33 Ave,49.241997,-123.170345,1669263440,-3424,1669263440
13276232,128,11-23-2022,-3424,6612,1669266864,1669266864,25,Southbound Mackenzie St @ W 33 Ave,49.241997,-123.170345,1669263440,-3424,1669263440
13276232,128,11-24-2022,-130,6612,1669353264,1669353264,25,Southbound Mackenzie St @ W 33 Ave,49.241997,-123.170345,1669353134,-130,1669353134
13276123,124,11-25-2022,-114,6612,1669388493,1669388493,23,Southbound Quesnel Dr @ W King Edward Ave,49.249603,-123.171914,1669388379,-114,1669388379
13276144,300,11-28-2022,-116,6612,1669678305,1669678305,30,Westbound W 41 Ave @ Collingwood St,49.234836,-123.182546,1669678189,-116,1669678189
13276245,128,11-24-2022,-141,6612,1669360764,1669360764,25,Southbound Mackenzie St @ W 33 Ave,49.241997,-123.170345,1669360623,-141,1669360623
13276144,300,11-30-2022,-145,6612,1669851105,1669851105,30,Westbound W 41 Ave @ Collingwood St,49.234836,-123.182546,1669850960,-145,1669850960
13276161,646,12-07-2022,-115,6612,1670450220,1670450220,31,Dunbar Loop @ Bay 2,49.234593,-123.18575,1670450105,-115,1670450105
13276127,98,12-02-2022,-4002,6612,1669995561,1669995561,6,Southbound Burrard St @ Davie St,49.278914,-123.12964,1669991559,-4002,1669991559
13276127,98,12-02-2022,-4002,6612,1669995561,1669995561,6,Southbound Burrard St @ Davie St,49.278914,-123.12964,1669991559,-4002,1669991559
13276161,646,12-01-2022,-138,6612,1669931820,1669931820,31,Dunbar Loop @ Bay 2,49.234593,-123.18575,1669931682,-138,1669931682
13276161,646,11-28-2022,-193,6612,1669672620,1669672620,31,Dunbar Loop @ Bay 2,49.234593,-123.18575,1669672427,-193,1669672427
13276140,128,12-08-2022,-114,6612,1670488055,1670488055,25,Southbound Mackenzie St @ W 33 Ave,49.241997,-123.170345,1670487941,-114,1670487941
13276140,128,12-08-2022,-114,6612,1670488055,1670488055,25,Southbound Mackenzie St @ W 33 Ave,49.241997,-123.170345,1670487941,-114,1670487941
13276161,646,12-06-2022,-170,6612,1670363820,1670363820,31,Dunbar Loop @ Bay 2,49.234593,-123.18575,1670363650,-170,1670363650
13276164,121,11-23-2022,-116,6612,1669251425,1669251425,21,Southbound Macdonald St @ Alamein Ave,49.249858,-123.167913,1669251309,-116,1669251309
13276161,646,11-29-2022,-134,6612,1669759020,1669759020,31,Dunbar Loop @ Bay 2,49.234593,-123.18575,1669758886,-134,1669758886
13276161,646,11-24-2022,-159,6612,1669327020,1669327020,31,Dunbar Loop @ Bay 2,49.234593,-123.18575,1669326861,-159,1669326861
13276161,646,12-05-2022,-118,6612,1670277420,1670277420,31,Dunbar Loop @ Bay 2,49.234593,-123.18575,1670277302,-118,1670277302
13276168,109,11-30-2022,-343,6612,1669865827,1669865827,15,Southbound Macdonald St @ W 6th Ave,49.266274,-123.168483,1669865484,-343,1669865484
13276161,646,12-02-2022,-113,6612,1670018220,1670018220,31,Dunbar Loop @ Bay 2,49.234593,-123.18575,1670018107,-113,1670018107
13276161,646,11-30-2022,-120,6612,1669845420,1669845420,31,Dunbar Loop @ Bay 2,49.234593,-123.18575,1669845300,-120,1669845300
13276235,105,11-22-2022,-3946,6612,1669175130,1669175130,11,Westbound Cornwall Ave @ Point Grey Rd,49.272731,-123.160216,1669171184,-3946,1669171184
13276135,55,12-07-2022,-155,6612,1670458020,1670458020,23,Eastbound W 16 Ave @ Carnarvon St,49.257583,-123.17185,1670457865,-155,1670457865
13276135,55,11-25-2022,-141,6612,1669421220,1669421220,23,Eastbound W 16 Ave @ Carnarvon St,49.257583,-123.17185,1669421079,-141,1669421079
13276196,109,12-07-2022,-119,6612,1670433663,1670433663,15,Southbound Macdonald St @ W 6th Ave,49.266274,-123.168483,1670433544,-119,1670433544
13276135,55,12-05-2022,-183,6612,1670285220,1670285220,23,Eastbound W 16 Ave @ Carnarvon St,49.257583,-123.17185,1670285037,-183,1670285037
13276212,104,12-06-2022,-130,6612,1670363122,1670363122,10,Westbound Cornwall Ave @ Yew St,49.272645,-123.155439,1670362992,-130,1670362992
13276657,124,12-04-2022,-123,6612,1670227257,1670227257,23,Southbound Quesnel Dr @ W King Edward Ave,49.249603,-123.171914,1670227134,-123,1670227134
13276232,106,11-23-2022,-3510,6612,1669266201,1669266201,12,Westbound Cornwall Ave @ Trafalgar St,49.272799,-123.164636,1669262691,-3510,1669262691
13276135,55,12-06-2022,-148,6612,1670371620,1670371620,23,Eastbound W 16 Ave @ Carnarvon St,49.257583,-123.17185,1670371472,-148,1670371472
13276196,109,11-28-2022,-115,6612,1669656063,1669656063,15,Southbound Macdonald St @ W 6th Ave,49.266274,-123.168483,1669655948,-115,1669655948
13276396,116,12-03-2022,-165,6612,1670130983,1670130983,21,Westbound W 16 Ave @ Balaclava St,49.257904,-123.17458,1670130818,-165,1670130818
13339257,300,11-26-2022,-210,6612,1669502497,1669502497,30,Westbound W 41 Ave @ Collingwood St,49.234836,-123.182546,1669502287,-210,1669502287
13339257,300,12-03-2022,-117,6612,1670107297,1670107297,30,Westbound W 41 Ave @ Collingwood St,49.234836,-123.182546,1670107180,-117,1670107180
13276186,107,11-28-2022,-175,6612,1669675095,1669675095,13,Southbound Macdonald St @ W 1st Ave,49.270753,-123.168323,1669674920,-175,1669674920
13276194,126,12-02-2022,-144,6612,1670024981,1670024981,24,Southbound Mackenzie St @ W 29 Ave,49.245848,-123.170308,1670024837,-144,1670024837
13276177,107,12-05-2022,-145,6612,1670292676,1670292676,13,Southbound Macdonald St @ W 1st Ave,49.270753,-123.168323,1670292531,-145,1670292531
13339254,646,11-26-2022,-200,6612,1669498800,1669498800,31,Dunbar Loop @ Bay 2,49.234593,-123.18575,1669498600,-200,1669498600
13276194,126,12-06-2022,-168,6612,1670370581,1670370581,24,Southbound Mackenzie St @ W 29 Ave,49.245848,-123.170308,1670370413,-168,1670370413
13276177,107,11-28-2022,-163,6612,1669687876,1669687876,13,Southbound Macdonald St @ W 1st Ave,49.270753,-123.168323,1669687713,-163,1669687713
13276657,110,12-04-2022,-112,6612,1670226942,1670226942,16,Southbound Macdonald St @ W Broadway,49.264268,-123.168373,1670226830,-112,1670226830
13339329,55,11-27-2022,-144,6612,1669593780,1669593780,23,Eastbound W 16 Ave @ Carnarvon St,49.257583,-123.17185,1669593636,-144,1669593636
13276158,109,11-23-2022,-118,6612,1669252397,1669252397,15,Southbound Macdonald St @ W 6th Ave,49.266274,-123.168483,1669252279,-118,1669252279
13276179,126,12-02-2022,-121,6612,1670036091,1670036091,24,Southbound Mackenzie St @ W 29 Ave,49.245848,-123.170308,1670035970,-121,1670035970
13276165,296,11-30-2022,-124,6612,1669864389,1669864389,27,Westbound W 41 Ave @ Mackenzie St,49.234819,-123.170795,1669864265,-124,1669864265
13276166,646,11-29-2022,-120,6612,1669775640,1669775640,31,Dunbar Loop @ Bay 2,49.234593,-123.18575,1669775520,-120,1669775520
13276158,109,11-30-2022,-117,6612,1669857197,1669857197,15,Southbound Macdonald St @ W 6th Ave,49.266274,-123.168483,1669857080,-117,1669857080
13339278,111,12-04-2022,-399,6612,1670145594,1670145594,17,Southbound Macdonald St @ W 11 Ave,49.261885,-123.16835,1670145195,-399,1670145195
13339278,111,12-04-2022,-399,6612,1670145594,1670145594,17,Southbound Macdonald St @ W 11 Ave,49.261885,-123.16835,1670145195,-399,1670145195
13276117,8535,12-08-2022,-126,6612,1670514948,1670514948,2,Burrard Station @ Bay 1,49.285306,-123.119982,1670514822,-126,1670514822
13339339,55,11-27-2022,-133,6612,1669605720,1669605720,23,Eastbound W 16 Ave @ Carnarvon St,49.257583,-123.17185,1669605587,-133,1669605587
13276166,646,12-02-2022,-116,6612,1670034840,1670034840,31,Dunbar Loop @ Bay 2,49.234593,-123.18575,1670034724,-116,1670034724
13276166,646,12-01-2022,-155,6612,1669948440,1669948440,31,Dunbar Loop @ Bay 2,49.234593,-123.18575,1669948285,-155,1669948285
13276172,1379,11-28-2022,-145,6612,1669657880,1669657880,14,Southbound Macdonald St @ W 4th Ave,49.268064,-123.168411,1669657735,-145,1669657735
13276166,646,11-25-2022,-116,6612,1669430040,1669430040,31,Dunbar Loop @ Bay 2,49.234593,-123.18575,1669429924,-116,1669429924
13276179,126,12-01-2022,-142,6612,1669949691,1669949691,24,Southbound Mackenzie St @ W 29 Ave,49.245848,-123.170308,1669949549,-142,1669949549
13276166,646,11-23-2022,-124,6612,1669257240,1669257240,31,Dunbar Loop @ Bay 2,49.234593,-123.18575,1669257116,-124,1669257116
13276137,104,11-29-2022,-152,6612,1669760757,1669760757,10,Westbound Cornwall Ave @ Yew St,49.272645,-123.155439,1669760605,-152,1669760605
13276186,112,11-28-2022,-167,6612,1669675351,1669675351,18,Southbound Macdonald St @ W 13 Ave,49.260226,-123.168421,1669675184,-167,1669675184
13276166,646,11-22-2022,-242,6612,1669170840,1669170840,31,Dunbar Loop @ Bay 2,49.234593,-123.18575,1669170598,-242,1669170598
13276166,646,11-30-2022,-153,6612,1669862040,1669862040,31,Dunbar Loop @ Bay 2,49.234593,-123.18575,1669861887,-153,1669861887
13276166,646,11-28-2022,-144,6612,1669689240,1669689240,31,Dunbar Loop @ Bay 2,49.234593,-123.18575,1669689096,-144,1669689096
13276648,130,12-04-2022,-122,6612,1670184841,1670184841,26,Southbound Mackenzie St @ W 37 Ave,49.238254,-123.170377,1670184719,-122,1670184719
13276220,300,12-02-2022,-204,6612,1670031881,1670031881,30,Westbound W 41 Ave @ Collingwood St,49.234836,-123.182546,1670031677,-204,1670031677
13276116,55,12-01-2022,-122,6612,1669910640,1669910640,23,Eastbound W 16 Ave @ Carnarvon St,49.257583,-123.17185,1669910518,-122,1669910518
13276164,300,11-30-2022,-136,6612,1669856865,1669856865,30,Westbound W 41 Ave @ Collingwood St,49.234836,-123.182546,1669856729,-136,1669856729
13276116,55,11-25-2022,-139,6612,1669392240,1669392240,23,Eastbound W 16 Ave @ Carnarvon St,49.257583,-123.17185,1669392101,-139,1669392101
13276164,300,11-23-2022,-177,6612,1669252065,1669252065,30,Westbound W 41 Ave @ Collingwood St,49.234836,-123.182546,1669251888,-177,1669251888
13276187,12671,12-08-2022,-164,6612,1670550874,1670550874,28,Westbound W 41 Ave @ Carnarvon St,49.234826,-123.174148,1670550710,-164,1670550710
13276220,300,11-29-2022,-146,6612,1669772681,1669772681,30,Westbound W 41 Ave @ Collingwood St,49.234836,-123.182546,1669772535,-146,1669772535
13276116,55,12-07-2022,-186,6612,1670429040,1670429040,23,Eastbound W 16 Ave @ Carnarvon St,49.257583,-123.17185,1670428854,-186,1670428854
13276116,55,12-07-2022,-186,6612,1670429040,1670429040,23,Eastbound W 16 Ave @ Carnarvon St,49.257583,-123.17185,1670428854,-186,1670428854
13276197,646,12-05-2022,-386,6612,1670265180,1670265180,31,Dunbar Loop @ Bay 2,49.234593,-123.18575,1670264794,-386,1670264794
13276197,646,11-25-2022,-128,6612,1669401180,1669401180,31,Dunbar Loop @ Bay 2,49.234593,-123.18575,1669401052,-128,1669401052
13276165,124,11-30-2022,-136,6612,1669864077,1669864077,23,Southbound Quesnel Dr @ W King Edward Ave,49.249603,-123.171914,1669863941,-136,1669863941
13276116,55,12-06-2022,-131,6612,1670342640,1670342640,23,Eastbound W 16 Ave @ Carnarvon St,49.257583,-123.17185,1670342509,-131,1670342509
13276116,55,11-29-2022,-122,6612,1669737840,1669737840,23,Eastbound W 16 Ave @ Carnarvon St,49.257583,-123.17185,1669737718,-122,1669737718
13276116,55,11-29-2022,-122,6612,1669737840,1669737840,23,Eastbound W 16 Ave @ Carnarvon St,49.257583,-123.17185,1669737718,-122,1669737718
13276220,300,11-23-2022,-111,6612,1669254282,1669254282,30,Westbound W 41 Ave @ Collingwood St,49.234836,-123.182546,1669254171,-111,1669254171
13276116,55,12-02-2022,-120,6612,1669997040,1669997040,23,Eastbound W 16 Ave @ Carnarvon St,49.257583,-123.17185,1669996920,-120,1669996920
13276116,55,11-23-2022,-126,6612,1669219440,1669219440,23,Eastbound W 16 Ave @ Carnarvon St,49.257583,-123.17185,1669219314,-126,1669219314
13276220,300,12-07-2022,-126,6612,1670463881,1670463881,30,Westbound W 41 Ave @ Collingwood St,49.234836,-123.182546,1670463755,-126,1670463755
13339259,124,11-26-2022,-159,6612,1669504341,1669504341,23,Southbound Quesnel Dr @ W King Edward Ave,49.249603,-123.171914,1669504182,-159,1669504182
13276116,55,11-28-2022,-121,6612,1669651440,1669651440,23,Eastbound W 16 Ave @ Carnarvon St,49.257583,-123.17185,1669651319,-121,1669651319
13276116,55,11-28-2022,-121,6612,1669651440,1669651440,23,Eastbound W 16 Ave @ Carnarvon St,49.257583,-123.17185,1669651319,-121,1669651319
13276116,55,11-28-2022,-121,6612,1669651440,1669651440,23,Eastbound W 16 Ave @ Carnarvon St,49.257583,-123.17185,1669651319,-121,1669651319
13276164,300,12-06-2022,-151,6612,1670375265,1670375265,30,Westbound W 41 Ave @ Collingwood St,49.234836,-123.182546,1670375114,-151,1670375114
13276197,300,12-05-2022,-386,6612,1670265108,1670265108,30,Westbound W 41 Ave @ Collingwood St,49.234836,-123.182546,1670264722,-386,1670264722
13276220,300,11-30-2022,-158,6612,1669859081,1669859081,30,Westbound W 41 Ave @ Collingwood St,49.234836,-123.182546,1669858923,-158,1669858923
13276220,300,11-24-2022,-167,6612,1669340682,1669340682,30,Westbound W 41 Ave @ Collingwood St,49.234836,-123.182546,1669340515,-167,1669340515
13276197,300,11-25-2022,-128,6612,1669401108,1669401108,30,Westbound W 41 Ave @ Collingwood St,49.234836,-123.182546,1669400980,-128,1669400980
13276116,55,12-05-2022,-146,6612,1670256240,1670256240,23,Eastbound W 16 Ave @ Carnarvon St,49.257583,-123.17185,1670256094,-146,1670256094
13276192,12671,12-07-2022,-137,6612,1670438999,1670438999,28,Westbound W 41 Ave @ Carnarvon St,49.234826,-123.174148,1670438862,-137,1670438862
13276126,300,12-02-2022,-141,6612,1669996611,1669996611,30,Westbound W 41 Ave @ Collingwood St,49.234836,-123.182546,1669996470,-141,1669996470
13276192,12671,12-02-2022,-119,6612,1670006999,1670006999,28,Westbound W 41 Ave @ Carnarvon St,49.234826,-123.174148,1670006880,-119,1670006880
13276205,300,11-28-2022,-112,6612,1669667682,1669667682,30,Westbound W 41 Ave @ Collingwood St,49.234836,-123.182546,1669667570,-112,1669667570
13276205,300,12-06-2022,-135,6612,1670358882,1670358882,30,Westbound W 41 Ave @ Collingwood St,49.234836,-123.182546,1670358747,-135,1670358747
13276121,130,11-29-2022,-194,6612,1669731809,1669731809,26,Southbound Mackenzie St @ W 37 Ave,49.238254,-123.170377,1669731615,-194,1669731615
13276126,300,11-28-2022,-115,6612,1669651011,1669651011,30,Westbound W 41 Ave @ Collingwood St,49.234836,-123.182546,1669650896,-115,1669650896
13276126,300,11-24-2022,-129,6612,1669305412,1669305412,30,Westbound W 41 Ave @ Collingwood St,49.234836,-123.182546,1669305283,-129,1669305283
13276645,300,11-27-2022,-193,6612,1669583868,1669583868,30,Westbound W 41 Ave @ Collingwood St,49.234836,-123.182546,1669583675,-193,1669583675
13339257,126,11-26-2022,-178,6612,1669502038,1669502038,24,Southbound Mackenzie St @ W 29 Ave,49.245848,-123.170308,1669501860,-178,1669501860
13276158,1379,11-30-2022,-112,6612,1669857149,1669857149,14,Southbound Macdonald St @ W 4th Ave,49.268064,-123.168411,1669857037,-112,1669857037
13339278,107,12-04-2022,-378,6612,1670145440,1670145440,13,Southbound Macdonald St @ W 1st Ave,49.270753,-123.168323,1670145062,-378,1670145062
13339278,107,12-04-2022,-378,6612,1670145440,1670145440,13,Southbound Macdonald St @ W 1st Ave,49.270753,-123.168323,1670145062,-378,1670145062
13276205,300,12-05-2022,-141,6612,1670272482,1670272482,30,Westbound W 41 Ave @ Collingwood St,49.234836,-123.182546,1670272341,-141,1670272341
13276230,124,11-22-2022,-3140,6612,1669179125,1669179125,23,Southbound Quesnel Dr @ W King Edward Ave,49.249603,-123.171914,1669175985,-3140,1669175985
13276230,124,11-22-2022,-3140,6612,1669179125,1669179125,23,Southbound Quesnel Dr @ W King Edward Ave,49.249603,-123.171914,1669175985,-3140,1669175985
13276192,12671,11-25-2022,-215,6612,1669402199,1669402199,28,Westbound W 41 Ave @ Carnarvon St,49.234826,-123.174148,1669401984,-215,1669401984
13276205,300,11-23-2022,-112,6612,1669235683,1669235683,30,Westbound W 41 Ave @ Collingwood St,49.234836,-123.182546,1669235571,-112,1669235571
13276205,300,11-30-2022,-187,6612,1669840482,1669840482,30,Westbound W 41 Ave @ Collingwood St,49.234836,-123.182546,1669840295,-187,1669840295
13276192,12671,11-29-2022,-222,6612,1669747799,1669747799,28,Westbound W 41 Ave @ Carnarvon St,49.234826,-123.174148,1669747577,-222,1669747577
13276144,124,11-30-2022,-143,6612,1669850591,1669850591,23,Southbound Quesnel Dr @ W King Edward Ave,49.249603,-123.171914,1669850448,-143,1669850448
13276192,12671,11-23-2022,-133,6612,1669229399,1669229399,28,Westbound W 41 Ave @ Carnarvon St,49.234826,-123.174148,1669229266,-133,1669229266
13276205,300,11-24-2022,-143,6612,1669322083,1669322083,30,Westbound W 41 Ave @ Collingwood St,49.234836,-123.182546,1669321940,-143,1669321940
13339271,299,11-26-2022,-136,6612,1669519074,1669519074,29,Westbound W 41 Ave @ Blenheim St,49.234831,-123.179103,1669518938,-136,1669518938
13339357,128,11-27-2022,-153,6612,1669605313,1669605313,25,Southbound Mackenzie St @ W 33 Ave,49.241997,-123.170345,1669605160,-153,1669605160
13276139,646,12-06-2022,-113,6612,1670399880,1670399880,31,Dunbar Loop @ Bay 2,49.234593,-123.18575,1670399767,-113,1670399767
13276229,107,11-30-2022,-111,6612,1669862434,1669862434,13,Southbound Macdonald St @ W 1st Ave,49.270753,-123.168323,1669862323,-111,1669862323
13276223,54,11-30-2022,-170,6612,1669860465,1669860465,22,Eastbound W 16 Ave @ Trutch St,49.257636,-123.175459,1669860295,-170,1669860295
13276161,299,12-07-2022,-125,6612,1670450094,1670450094,29,Westbound W 41 Ave @ Blenheim St,49.234831,-123.179103,1670449969,-125,1670449969
13276122,299,11-24-2022,-164,6612,1669301174,1669301174,29,Westbound W 41 Ave @ Blenheim St,49.234831,-123.179103,1669301010,-164,1669301010
13276139,646,11-22-2022,-167,6612,1669190280,1669190280,31,Dunbar Loop @ Bay 2,49.234593,-123.18575,1669190113,-167,1669190113
13276122,299,12-07-2022,-125,6612,1670424374,1670424374,29,Westbound W 41 Ave @ Blenheim St,49.234831,-123.179103,1670424249,-125,1670424249
13276139,646,12-01-2022,-120,6612,1669967880,1669967880,31,Dunbar Loop @ Bay 2,49.234593,-123.18575,1669967760,-120,1669967760
13276139,646,11-25-2022,-121,6612,1669449480,1669449480,31,Dunbar Loop @ Bay 2,49.234593,-123.18575,1669449359,-121,1669449359
13276223,54,11-28-2022,-115,6612,1669687665,1669687665,22,Eastbound W 16 Ave @ Trutch St,49.257636,-123.175459,1669687550,-115,1669687550
13276223,54,11-28-2022,-115,6612,1669687665,1669687665,22,Eastbound W 16 Ave @ Trutch St,49.257636,-123.175459,1669687550,-115,1669687550
13276161,126,11-28-2022,-204,6612,1669672121,1669672121,24,Southbound Mackenzie St @ W 29 Ave,49.245848,-123.170308,1669671917,-204,1669671917
13276175,54,12-02-2022,-116,6612,1670026668,1670026668,22,Eastbound W 16 Ave @ Trutch St,49.257636,-123.175459,1670026552,-116,1670026552
13276378,110,12-04-2022,-161,6612,1670142361,1670142361,16,Southbound Macdonald St @ W Broadway,49.264268,-123.168373,1670142200,-161,1670142200
13276223,54,11-29-2022,-139,6612,1669774065,1669774065,22,Eastbound W 16 Ave @ Trutch St,49.257636,-123.175459,1669773926,-139,1669773926
13276128,106,12-02-2022,-116,6612,1669997054,1669997054,12,Westbound Cornwall Ave @ Trafalgar St,49.272799,-123.164636,1669996938,-116,1669996938
13276122,299,11-25-2022,-171,6612,1669387574,1669387574,29,Westbound W 41 Ave @ Blenheim St,49.234831,-123.179103,1669387403,-171,1669387403
13276175,54,12-05-2022,-131,6612,1670285868,1670285868,22,Eastbound W 16 Ave @ Trutch St,49.257636,-123.175459,1670285737,-131,1670285737
13276122,299,11-30-2022,-118,6612,1669819574,1669819574,29,Westbound W 41 Ave @ Blenheim St,49.234831,-123.179103,1669819456,-118,1669819456
13276122,299,12-01-2022,-132,6612,1669905974,1669905974,29,Westbound W 41 Ave @ Blenheim St,49.234831,-123.179103,1669905842,-132,1669905842
13276223,54,12-07-2022,-139,6612,1670465265,1670465265,22,Eastbound W 16 Ave @ Trutch St,49.257636,-123.175459,1670465126,-139,1670465126
13276161,126,12-06-2022,-168,6612,1670363321,1670363321,24,Southbound Mackenzie St @ W 29 Ave,49.245848,-123.170308,1670363153,-168,1670363153
13276161,299,12-06-2022,-154,6612,1670363694,1670363694,29,Westbound W 41 Ave @ Blenheim St,49.234831,-123.179103,1670363540,-154,1670363540
13339257,123,11-26-2022,-120,6612,1669501896,1669501896,22,Westbound W King Edward Ave @ Puget Dr,49.249627,-123.170432,1669501776,-120,1669501776
13276161,299,11-30-2022,-121,6612,1669845294,1669845294,29,Westbound W 41 Ave @ Blenheim St,49.234831,-123.179103,1669845173,-121,1669845173
13276139,646,11-24-2022,-174,6612,1669363080,1669363080,31,Dunbar Loop @ Bay 2,49.234593,-123.18575,1669362906,-174,1669362906
13276161,299,11-29-2022,-115,6612,1669758894,1669758894,29,Westbound W 41 Ave @ Blenheim St,49.234831,-123.179103,1669758779,-115,1669758779
13276161,299,11-24-2022,-139,6612,1669326894,1669326894,29,Westbound W 41 Ave @ Blenheim St,49.234831,-123.179103,1669326755,-139,1669326755
13276173,98,12-07-2022,-3338,6612,1670471827,1670471827,6,Southbound Burrard St @ Davie St,49.278914,-123.12964,1670468489,-3338,1670468489
13276161,299,11-28-2022,-174,6612,1669672494,1669672494,29,Westbound W 41 Ave @ Blenheim St,49.234831,-123.179103,1669672320,-174,1669672320
13276175,54,11-28-2022,-118,6612,1669681068,1669681068,22,Eastbound W 16 Ave @ Trutch St,49.257636,-123.175459,1669680950,-118,1669680950
13276365,296,11-26-2022,-223,6612,1669494895,1669494895,27,Westbound W 41 Ave @ Mackenzie St,49.234819,-123.170795,1669494672,-223,1669494672
13276229,107,11-29-2022,-121,6612,1669776034,1669776034,13,Southbound Macdonald St @ W 1st Ave,49.270753,-123.168323,1669775913,-121,1669775913
13276139,646,11-28-2022,-155,6612,1669708680,1669708680,31,Dunbar Loop @ Bay 2,49.234593,-123.18575,1669708525,-155,1669708525
13276139,646,11-30-2022,-136,6612,1669881480,1669881480,31,Dunbar Loop @ Bay 2,49.234593,-123.18575,1669881344,-136,1669881344
13276174,646,12-05-2022,-166,6612,1670292540,1670292540,31,Dunbar Loop @ Bay 2,49.234593,-123.18575,1670292374,-166,1670292374
13276223,54,11-23-2022,-119,6612,1669255665,1669255665,22,Eastbound W 16 Ave @ Trutch St,49.257636,-123.175459,1669255546,-119,1669255546
13276161,299,12-01-2022,-119,6612,1669931694,1669931694,29,Westbound W 41 Ave @ Blenheim St,49.234831,-123.179103,1669931575,-119,1669931575
13276174,646,11-28-2022,-114,6612,1669687740,1669687740,31,Dunbar Loop @ Bay 2,49.234593,-123.18575,1669687626,-114,1669687626
13276655,299,11-28-2022,-151,6612,1669626567,1669626567,29,Westbound W 41 Ave @ Blenheim St,49.234831,-123.179103,1669626416,-151,1669626416
13276174,646,12-08-2022,-118,6612,1670551740,1670551740,31,Dunbar Loop @ Bay 2,49.234593,-123.18575,1670551622,-118,1670551622
13276161,299,12-05-2022,-123,6612,1670277294,1670277294,29,Westbound W 41 Ave @ Blenheim St,49.234831,-123.179103,1670277171,-123,1670277171
13276139,646,11-23-2022,-136,6612,1669276680,1669276680,31,Dunbar Loop @ Bay 2,49.234593,-123.18575,1669276544,-136,1669276544
13276148,106,11-30-2022,-420,6612,1669854747,1669854747,12,Westbound Cornwall Ave @ Trafalgar St,49.272799,-123.164636,1669854327,-420,1669854327
13276192,646,12-07-2022,-114,6612,1670439180,1670439180,31,Dunbar Loop @ Bay 2,49.234593,-123.18575,1670439066,-114,1670439066
13339357,299,12-04-2022,-116,6612,1670210393,1670210393,29,Westbound W 41 Ave @ Blenheim St,49.234831,-123.179103,1670210277,-116,1670210277
13276192,646,11-25-2022,-231,6612,1669402380,1669402380,31,Dunbar Loop @ Bay 2,49.234593,-123.18575,1669402149,-231,1669402149
13276177,112,11-28-2022,-112,6612,1669688161,1669688161,18,Southbound Macdonald St @ W 13 Ave,49.260226,-123.168421,1669688049,-112,1669688049
13276177,112,12-02-2022,-136,6612,1670033761,1670033761,18,Southbound Macdonald St @ W 13 Ave,49.260226,-123.168421,1670033625,-136,1670033625
13276162,115,11-29-2022,-116,6612,1669756509,1669756509,20,Westbound W 16 Ave @ Mackenzie St,49.257839,-123.170777,1669756393,-116,1669756393
13276656,126,11-28-2022,-122,6612,1669624321,1669624321,24,Southbound Mackenzie St @ W 29 Ave,49.245848,-123.170308,1669624199,-122,1669624199
13276216,299,12-05-2022,-114,6612,1670288033,1670288033,29,Westbound W 41 Ave @ Blenheim St,49.234831,-123.179103,1670287919,-114,1670287919
13276139,45,11-28-2022,-815,6612,1669707136,1669707136,3,Southbound Burrard St @ Robson St,49.283087,-123.123336,1669706321,-815,1669706321
13276139,45,11-28-2022,-815,6612,1669707136,1669707136,3,Southbound Burrard St @ Robson St,49.283087,-123.123336,1669706321,-815,1669706321
13276139,45,11-28-2022,-815,6612,1669707136,1669707136,3,Southbound Burrard St @ Robson St,49.283087,-123.123336,1669706321,-815,1669706321
13276192,646,12-02-2022,-119,6612,1670007180,1670007180,31,Dunbar Loop @ Bay 2,49.234593,-123.18575,1670007061,-119,1670007061
13339357,299,11-27-2022,-139,6612,1669605593,1669605593,29,Westbound W 41 Ave @ Blenheim St,49.234831,-123.179103,1669605454,-139,1669605454
13276192,646,11-23-2022,-142,6612,1669229580,1669229580,31,Dunbar Loop @ Bay 2,49.234593,-123.18575,1669229438,-142,1669229438
13276177,112,11-30-2022,-118,6612,1669860961,1669860961,18,Southbound Macdonald St @ W 13 Ave,49.260226,-123.168421,1669860843,-118,1669860843
13276170,109,12-02-2022,-280,6612,1670019903,1670019903,15,Southbound Macdonald St @ W 6th Ave,49.266274,-123.168483,1670019623,-280,1670019623
13276162,115,12-08-2022,-117,6612,1670534109,1670534109,20,Westbound W 16 Ave @ Mackenzie St,49.257839,-123.170777,1670533992,-117,1670533992
13276192,646,11-29-2022,-259,6612,1669747980,1669747980,31,Dunbar Loop @ Bay 2,49.234593,-123.18575,1669747721,-259,1669747721
13276192,646,11-24-2022,-165,6612,1669315980,1669315980,31,Dunbar Loop @ Bay 2,49.234593,-123.18575,1669315815,-165,1669315815
13276177,112,12-05-2022,-173,6612,1670292961,1670292961,18,Southbound Macdonald St @ W 13 Ave,49.260226,-123.168421,1670292788,-173,1670292788
13276162,115,11-23-2022,-113,6612,1669238109,1669238109,20,Westbound W 16 Ave @ Mackenzie St,49.257839,-123.170777,1669237996,-113,1669237996
13276137,109,11-29-2022,-193,6612,1669761064,1669761064,15,Southbound Macdonald St @ W 6th Ave,49.266274,-123.168483,1669760871,-193,1669760871
13276216,299,11-30-2022,-133,6612,1669856033,1669856033,29,Westbound W 41 Ave @ Blenheim St,49.234831,-123.179103,1669855900,-133,1669855900
13276170,109,11-30-2022,-159,6612,1669847103,1669847103,15,Southbound Macdonald St @ W 6th Ave,49.266274,-123.168483,1669846944,-159,1669846944
13276170,109,11-24-2022,-120,6612,1669328703,1669328703,15,Southbound Macdonald St @ W 6th Ave,49.266274,-123.168483,1669328583,-120,1669328583
13276162,115,12-02-2022,-118,6612,1670015709,1670015709,20,Westbound W 16 Ave @ Mackenzie St,49.257839,-123.170777,1670015591,-118,1670015591
13276153,112,11-24-2022,-113,6612,1669308931,1669308931,18,Southbound Macdonald St @ W 13 Ave,49.260226,-123.168421,1669308818,-113,1669308818
13276654,110,12-05-2022,-130,6612,1670232628,1670232628,16,Southbound Macdonald St @ W Broadway,49.264268,-123.168373,1670232498,-130,1670232498
13276153,112,12-02-2022,-131,6612,1670000131,1670000131,18,Southbound Macdonald St @ W 13 Ave,49.260226,-123.168421,1670000000,-131,1670000000
13276218,114,12-05-2022,-118,6612,1670288717,1670288717,19,Westbound W 16 Ave @ Macdonald St,49.257816,-123.168896,1670288599,-118,1670288599
13276218,114,12-06-2022,-134,6612,1670375117,1670375117,19,Westbound W 16 Ave @ Macdonald St,49.257816,-123.168896,1670374983,-134,1670374983
13276180,110,11-30-2022,-154,6612,1669846251,1669846251,16,Southbound Macdonald St @ W Broadway,49.264268,-123.168373,1669846097,-154,1669846097
13276245,124,11-29-2022,-145,6612,1669792625,1669792625,23,Southbound Quesnel Dr @ W King Edward Ave,49.249603,-123.171914,1669792480,-145,1669792480
13276173,1379,12-06-2022,-191,6612,1670386134,1670386134,14,Southbound Macdonald St @ W 4th Ave,49.268064,-123.168411,1670385943,-191,1670385943
13276161,123,12-06-2022,-122,6612,1670363190,1670363190,22,Westbound W King Edward Ave @ Puget Dr,49.249627,-123.170432,1670363068,-122,1670363068
13276173,1379,11-28-2022,-160,6612,1669694934,1669694934,14,Southbound Macdonald St @ W 4th Ave,49.268064,-123.168411,1669694774,-160,1669694774
13276137,124,11-29-2022,-222,6612,1669761551,1669761551,23,Southbound Quesnel Dr @ W King Edward Ave,49.249603,-123.171914,1669761329,-222,1669761329
13276230,12494,11-22-2022,-3233,6612,1669178185,1669178185,7,Southbound Burrard St @ Harwood St,49.277837,-123.131265,1669174952,-3233,1669174952
13276230,12494,11-22-2022,-3233,6612,1669178185,1669178185,7,Southbound Burrard St @ Harwood St,49.277837,-123.131265,1669174952,-3233,1669174952
13276645,107,11-27-2022,-117,6612,1669582901,1669582901,13,Southbound Macdonald St @ W 1st Ave,49.270753,-123.168323,1669582784,-117,1669582784
13276212,1379,12-06-2022,-216,6612,1670363420,1670363420,14,Southbound Macdonald St @ W 4th Ave,49.268064,-123.168411,1670363204,-216,1670363204
13276233,115,12-05-2022,-138,6612,1670295609,1670295609,20,Westbound W 16 Ave @ Mackenzie St,49.257839,-123.170777,1670295471,-138,1670295471
13276173,1379,12-07-2022,-3481,6612,1670472534,1670472534,14,Southbound Macdonald St @ W 4th Ave,49.268064,-123.168411,1670469053,-3481,1670469053
13276161,123,11-28-2022,-161,6612,1669671990,1669671990,22,Westbound W King Edward Ave @ Puget Dr,49.249627,-123.170432,1669671829,-161,1669671829
13276173,1379,11-22-2022,-197,6612,1669176534,1669176534,14,Southbound Macdonald St @ W 4th Ave,49.268064,-123.168411,1669176337,-197,1669176337
13276225,110,11-23-2022,-131,6612,1669245831,1669245831,16,Southbound Macdonald St @ W Broadway,49.264268,-123.168373,1669245700,-131,1669245700
13276205,12671,12-06-2022,-311,6612,1670358763,1670358763,28,Westbound W 41 Ave @ Carnarvon St,49.234826,-123.174148,1670358452,-311,1670358452
13276205,12671,12-06-2022,-311,6612,1670358763,1670358763,28,Westbound W 41 Ave @ Carnarvon St,49.234826,-123.174148,1670358452,-311,1670358452
13276215,110,12-05-2022,-229,6612,1670286276,1670286276,16,Southbound Macdonald St @ W Broadway,49.264268,-123.168373,1670286047,-229,1670286047
13276205,12671,11-30-2022,-141,6612,1669840363,1669840363,28,Westbound W 41 Ave @ Carnarvon St,49.234826,-123.174148,1669840222,-141,1669840222
13276179,121,12-01-2022,-126,6612,1669949482,1669949482,21,Southbound Macdonald St @ Alamein Ave,49.249858,-123.167913,1669949356,-126,1669949356
13276215,110,12-06-2022,-143,6612,1670372676,1670372676,16,Southbound Macdonald St @ W Broadway,49.264268,-123.168373,1670372533,-143,1670372533
13276197,1379,12-05-2022,-213,6612,1670264193,1670264193,14,Southbound Macdonald St @ W 4th Ave,49.268064,-123.168411,1670263980,-213,1670263980
13276205,12671,12-05-2022,-134,6612,1670272363,1670272363,28,Westbound W 41 Ave @ Carnarvon St,49.234826,-123.174148,1670272229,-134,1670272229
13276215,110,11-29-2022,-285,6612,1669767876,1669767876,16,Southbound Macdonald St @ W Broadway,49.264268,-123.168373,1669767591,-285,1669767591
13276225,110,11-30-2022,-167,6612,1669850631,1669850631,16,Southbound Macdonald St @ W Broadway,49.264268,-123.168373,1669850464,-167,1669850464
13276205,12671,11-24-2022,-119,6612,1669321964,1669321964,28,Westbound W 41 Ave @ Carnarvon St,49.234826,-123.174148,1669321845,-119,1669321845
13276118,103,11-24-2022,-112,6612,1669306602,1669306602,9,Westbound Cornwall Ave @ Arbutus St,49.272608,-123.152989,1669306490,-112,1669306490
13276220,124,12-02-2022,-136,6612,1670031352,1670031352,23,Southbound Quesnel Dr @ W King Edward Ave,49.249603,-123.171914,1670031216,-136,1670031216
13276221,54,11-28-2022,-112,6612,1669687060,1669687060,22,Eastbound W 16 Ave @ Trutch St,49.257636,-123.175459,1669686948,-112,1669686948
13276382,296,12-04-2022,-154,6612,1670147377,1670147377,27,Westbound W 41 Ave @ Mackenzie St,49.234819,-123.170795,1670147223,-154,1670147223
13276221,54,11-24-2022,-145,6612,1669341460,1669341460,22,Eastbound W 16 Ave @ Trutch St,49.257636,-123.175459,1669341315,-145,1669341315
13276221,54,11-30-2022,-160,6612,1669859860,1669859860,22,Eastbound W 16 Ave @ Trutch St,49.257636,-123.175459,1669859700,-160,1669859700
13276221,54,12-01-2022,-161,6612,1669946260,1669946260,22,Eastbound W 16 Ave @ Trutch St,49.257636,-123.175459,1669946099,-161,1669946099
13276221,54,12-06-2022,-187,6612,1670378260,1670378260,22,Eastbound W 16 Ave @ Trutch St,49.257636,-123.175459,1670378073,-187,1670378073
13276215,105,12-06-2022,-223,6612,1670372352,1670372352,11,Westbound Cornwall Ave @ Point Grey Rd,49.272731,-123.160216,1670372129,-223,1670372129
13276234,8535,11-22-2022,-262,6612,1669172093,1669172093,2,Burrard Station @ Bay 1,49.285306,-123.119982,1669171831,-262,1669171831
13276221,54,11-29-2022,-124,6612,1669773460,1669773460,22,Eastbound W 16 Ave @ Trutch St,49.257636,-123.175459,1669773336,-124,1669773336
13276221,54,11-23-2022,-125,6612,1669255060,1669255060,22,Eastbound W 16 Ave @ Trutch St,49.257636,-123.175459,1669254935,-125,1669254935
13276221,54,11-23-2022,-125,6612,1669255060,1669255060,22,Eastbound W 16 Ave @ Trutch St,49.257636,-123.175459,1669254935,-125,1669254935
13276221,54,12-08-2022,-116,6612,1670551060,1670551060,22,Eastbound W 16 Ave @ Trutch St,49.257636,-123.175459,1670550944,-116,1670550944
13276220,124,11-30-2022,-117,6612,1669858552,1669858552,23,Southbound Quesnel Dr @ W King Edward Ave,49.249603,-123.171914,1669858435,-117,1669858435
13276234,8535,12-07-2022,-425,6612,1670468093,1670468093,2,Burrard Station @ Bay 1,49.285306,-123.119982,1670467668,-425,1670467668
13276221,54,12-02-2022,-131,6612,1670032660,1670032660,22,Eastbound W 16 Ave @ Trutch St,49.257636,-123.175459,1670032529,-131,1670032529
13276228,130,12-02-2022,-169,6612,1669995491,1669995491,26,Southbound Mackenzie St @ W 37 Ave,49.238254,-123.170377,1669995322,-169,1669995322
13276228,130,11-25-2022,-166,6612,1669390692,1669390692,26,Southbound Mackenzie St @ W 37 Ave,49.238254,-123.170377,1669390526,-166,1669390526
13276192,296,11-29-2022,-213,6612,1669747756,1669747756,27,Westbound W 41 Ave @ Mackenzie St,49.234819,-123.170795,1669747543,-213,1669747543
13276223,107,11-29-2022,-139,6612,1669773556,1669773556,13,Southbound Macdonald St @ W 1st Ave,49.270753,-123.168323,1669773417,-139,1669773417
13339257,130,12-03-2022,-116,6612,1670107018,1670107018,26,Southbound Mackenzie St @ W 37 Ave,49.238254,-123.170377,1670106902,-116,1670106902
13276234,115,11-22-2022,-337,6612,1669173369,1669173369,20,Westbound W 16 Ave @ Mackenzie St,49.257839,-123.170777,1669173032,-337,1669173032
13276223,107,11-30-2022,-128,6612,1669859956,1669859956,13,Southbound Macdonald St @ W 1st Ave,49.270753,-123.168323,1669859828,-128,1669859828
13276192,296,11-25-2022,-208,6612,1669402156,1669402156,27,Westbound W 41 Ave @ Mackenzie St,49.234819,-123.170795,1669401948,-208,1669401948
13339257,130,11-26-2022,-126,6612,1669502218,1669502218,26,Southbound Mackenzie St @ W 37 Ave,49.238254,-123.170377,1669502092,-126,1669502092
13276234,115,12-07-2022,-399,6612,1670469369,1670469369,20,Westbound W 16 Ave @ Mackenzie St,49.257839,-123.170777,1670468970,-399,1670468970
13276117,54,12-05-2022,-145,6612,1670257073,1670257073,22,Eastbound W 16 Ave @ Trutch St,49.257636,-123.175459,1670256928,-145,1670256928
13276117,54,12-05-2022,-145,6612,1670257073,1670257073,22,Eastbound W 16 Ave @ Trutch St,49.257636,-123.175459,1670256928,-145,1670256928
13276234,115,11-30-2022,-143,6612,1669864569,1669864569,20,Westbound W 16 Ave @ Mackenzie St,49.257839,-123.170777,1669864426,-143,1669864426
13276418,296,12-04-2022,-217,6612,1670147977,1670147977,27,Westbound W 41 Ave @ Mackenzie St,49.234819,-123.170795,1670147760,-217,1670147760
13276599,110,11-27-2022,-130,6612,1669577825,1669577825,16,Southbound Macdonald St @ W Broadway,49.264268,-123.168373,1669577695,-130,1669577695
13276234,115,12-01-2022,-154,6612,1669950969,1669950969,20,Westbound W 16 Ave @ Mackenzie St,49.257839,-123.170777,1669950815,-154,1669950815
13276117,54,12-08-2022,-282,6612,1670516273,1670516273,22,Eastbound W 16 Ave @ Trutch St,49.257636,-123.175459,1670515991,-282,1670515991
13276234,115,11-23-2022,-122,6612,1669259769,1669259769,20,Westbound W 16 Ave @ Mackenzie St,49.257839,-123.170777,1669259647,-122,1669259647
13276192,296,11-23-2022,-124,6612,1669229356,1669229356,27,Westbound W 41 Ave @ Mackenzie St,49.234819,-123.170795,1669229232,-124,1669229232
13276192,296,12-07-2022,-128,6612,1670438956,1670438956,27,Westbound W 41 Ave @ Mackenzie St,49.234819,-123.170795,1670438828,-128,1670438828
13276117,54,11-25-2022,-162,6612,1669393073,1669393073,22,Eastbound W 16 Ave @ Trutch St,49.257636,-123.175459,1669392911,-162,1669392911
13276139,12671,11-28-2022,-113,6612,1669708516,1669708516,28,Westbound W 41 Ave @ Carnarvon St,49.234826,-123.174148,1669708403,-113,1669708403
13276127,114,12-08-2022,-119,6612,1670514945,1670514945,19,Westbound W 16 Ave @ Macdonald St,49.257816,-123.168896,1670514826,-119,1670514826
13276153,116,11-25-2022,-125,6612,1669395491,1669395491,21,Westbound W 16 Ave @ Balaclava St,49.257904,-123.17458,1669395366,-125,1669395366
13276656,124,11-28-2022,-113,6612,1669624257,1669624257,23,Southbound Quesnel Dr @ W King Edward Ave,49.249603,-123.171914,1669624144,-113,1669624144
13276139,12671,11-23-2022,-164,6612,1669276516,1669276516,28,Westbound W 41 Ave @ Carnarvon St,49.234826,-123.174148,1669276352,-164,1669276352
13276139,12671,11-25-2022,-113,6612,1669449316,1669449316,28,Westbound W 41 Ave @ Carnarvon St,49.234826,-123.174148,1669449203,-113,1669449203
13276153,116,12-02-2022,-119,6612,1670000291,1670000291,21,Westbound W 16 Ave @ Balaclava St,49.257904,-123.17458,1670000172,-119,1670000172
13276153,116,11-24-2022,-115,6612,1669309091,1669309091,21,Westbound W 16 Ave @ Balaclava St,49.257904,-123.17458,1669308976,-115,1669308976
13276127,114,11-25-2022,-169,6612,1669391745,1669391745,19,Westbound W 16 Ave @ Macdonald St,49.257816,-123.168896,1669391576,-169,1669391576
13276225,111,11-23-2022,-136,6612,1669245890,1669245890,17,Southbound Macdonald St @ W 11 Ave,49.261885,-123.16835,1669245754,-136,1669245754
13276127,114,12-02-2022,-4359,6612,1669996545,1669996545,19,Westbound W 16 Ave @ Macdonald St,49.257816,-123.168896,1669992186,-4359,1669992186
13276127,114,12-02-2022,-4359,6612,1669996545,1669996545,19,Westbound W 16 Ave @ Macdonald St,49.257816,-123.168896,1669992186,-4359,1669992186
13276153,116,11-28-2022,-112,6612,1669654691,1669654691,21,Westbound W 16 Ave @ Balaclava St,49.257904,-123.17458,1669654579,-112,1669654579
13276382,128,12-04-2022,-114,6612,1670147244,1670147244,25,Southbound Mackenzie St @ W 33 Ave,49.241997,-123.170345,1670147130,-114,1670147130
13276139,12671,11-30-2022,-141,6612,1669881316,1669881316,28,Westbound W 41 Ave @ Carnarvon St,49.234826,-123.174148,1669881175,-141,1669881175
13276139,12671,12-06-2022,-146,6612,1670399716,1670399716,28,Westbound W 41 Ave @ Carnarvon St,49.234826,-123.174148,1670399570,-146,1670399570
13276139,12671,11-24-2022,-157,6612,1669362916,1669362916,28,Westbound W 41 Ave @ Carnarvon St,49.234826,-123.174148,1669362759,-157,1669362759
13276225,111,11-30-2022,-171,6612,1669850690,1669850690,17,Southbound Macdonald St @ W 11 Ave,49.261885,-123.16835,1669850519,-171,1669850519
13276127,114,12-07-2022,-125,6612,1670428545,1670428545,19,Westbound W 16 Ave @ Macdonald St,49.257816,-123.168896,1670428420,-125,1670428420
13276139,12671,11-22-2022,-122,6612,1669190116,1669190116,28,Westbound W 41 Ave @ Carnarvon St,49.234826,-123.174148,1669189994,-122,1669189994
13276127,114,11-23-2022,-120,6612,1669218945,1669218945,19,Westbound W 16 Ave @ Macdonald St,49.257816,-123.168896,1669218825,-120,1669218825
13276161,111,12-06-2022,-120,6612,1670362840,1670362840,17,Southbound Macdonald St @ W 11 Ave,49.261885,-123.16835,1670362720,-120,1670362720
13339254,126,11-26-2022,-119,6612,1669498301,1669498301,24,Southbound Mackenzie St @ W 29 Ave,49.245848,-123.170308,1669498182,-119,1669498182
13276223,116,11-30-2022,-162,6612,1669860420,1669860420,21,Westbound W 16 Ave @ Balaclava St,49.257904,-123.17458,1669860258,-162,1669860258
13276413,130,11-26-2022,-128,6612,1669483058,1669483058,26,Southbound Mackenzie St @ W 37 Ave,49.238254,-123.170377,1669482930,-128,1669482930
13276225,105,11-30-2022,-147,6612,1669850320,1669850320,11,Westbound Cornwall Ave @ Point Grey Rd,49.272731,-123.160216,1669850173,-147,1669850173
13276140,299,11-29-2022,-119,6612,1669710678,1669710678,29,Westbound W 41 Ave @ Blenheim St,49.234831,-123.179103,1669710559,-119,1669710559
13276140,299,12-08-2022,-180,6612,1670488278,1670488278,29,Westbound W 41 Ave @ Blenheim St,49.234831,-123.179103,1670488098,-180,1670488098
13276140,299,12-07-2022,-117,6612,1670401878,1670401878,29,Westbound W 41 Ave @ Blenheim St,49.234831,-123.179103,1670401761,-117,1670401761
13276223,116,11-29-2022,-129,6612,1669774020,1669774020,21,Westbound W 16 Ave @ Balaclava St,49.257904,-123.17458,1669773891,-129,1669773891
13276240,299,11-29-2022,-119,6612,1669787894,1669787894,29,Westbound W 41 Ave @ Blenheim St,49.234831,-123.179103,1669787775,-119,1669787775
13276223,116,12-07-2022,-138,6612,1670465220,1670465220,21,Westbound W 16 Ave @ Balaclava St,49.257904,-123.17458,1670465082,-138,1670465082
13276223,116,11-23-2022,-141,6612,1669255620,1669255620,21,Westbound W 16 Ave @ Balaclava St,49.257904,-123.17458,1669255479,-141,1669255479
13276140,299,12-06-2022,-124,6612,1670315478,1670315478,29,Westbound W 41 Ave @ Blenheim St,49.234831,-123.179103,1670315354,-124,1670315354
13339238,112,12-03-2022,-115,6612,1670109340,1670109340,18,Southbound Macdonald St @ W 13 Ave,49.260226,-123.168421,1670109225,-115,1670109225
13276585,114,12-04-2022,-118,6612,1670186385,1670186385,19,Westbound W 16 Ave @ Macdonald St,49.257816,-123.168896,1670186267,-118,1670186267
13276128,107,12-02-2022,-112,6612,1669997134,1669997134,13,Southbound Macdonald St @ W 1st Ave,49.270753,-123.168323,1669997022,-112,1669997022
13276128,107,11-29-2022,-126,6612,1669737934,1669737934,13,Southbound Macdonald St @ W 1st Ave,49.270753,-123.168323,1669737808,-126,1669737808
13276396,109,12-03-2022,-156,6612,1670130710,1670130710,15,Southbound Macdonald St @ W 6th Ave,49.266274,-123.168483,1670130554,-156,1670130554
13276128,107,11-25-2022,-118,6612,1669392334,1669392334,13,Southbound Macdonald St @ W 1st Ave,49.270753,-123.168323,1669392216,-118,1669392216
13339362,130,12-04-2022,-113,6612,1670216991,1670216991,26,Southbound Mackenzie St @ W 37 Ave,49.238254,-123.170377,1670216878,-113,1670216878
13276146,111,12-05-2022,-149,6612,1670290852,1670290852,17,Southbound Macdonald St @ W 11 Ave,49.261885,-123.16835,1670290703,-149,1670290703
13276146,111,11-29-2022,-161,6612,1669772452,1669772452,17,Southbound Macdonald St @ W 11 Ave,49.261885,-123.16835,1669772291,-161,1669772291
13276146,111,11-23-2022,-116,6612,1669254052,1669254052,17,Southbound Macdonald St @ W 11 Ave,49.261885,-123.16835,1669253936,-116,1669253936
13276146,111,11-30-2022,-112,6612,1669858852,1669858852,17,Southbound Macdonald St @ W 11 Ave,49.261885,-123.16835,1669858740,-112,1669858740
13276141,121,12-07-2022,-113,6612,1670403164,1670403164,21,Southbound Macdonald St @ Alamein Ave,49.249858,-123.167913,1670403051,-113,1670403051
13276237,55,11-28-2022,-163,6612,1669689300,1669689300,23,Eastbound W 16 Ave @ Carnarvon St,49.257583,-123.17185,1669689137,-163,1669689137
13276237,55,11-30-2022,-136,6612,1669862100,1669862100,23,Eastbound W 16 Ave @ Carnarvon St,49.257583,-123.17185,1669861964,-136,1669861964
13276135,106,12-05-2022,-139,6612,1670284587,1670284587,12,Westbound Cornwall Ave @ Trafalgar St,49.272799,-123.164636,1670284448,-139,1670284448
13339278,128,12-04-2022,-140,6612,1670146044,1670146044,25,Southbound Mackenzie St @ W 33 Ave,49.241997,-123.170345,1670145904,-140,1670145904
13276188,111,11-30-2022,-768,6612,1669826732,1669826732,17,Southbound Macdonald St @ W 11 Ave,49.261885,-123.16835,1669825964,-768,1669825964
13276188,111,11-30-2022,-768,6612,1669826732,1669826732,17,Southbound Macdonald St @ W 11 Ave,49.261885,-123.16835,1669825964,-768,1669825964
13276188,111,11-30-2022,-768,6612,1669826732,1669826732,17,Southbound Macdonald St @ W 11 Ave,49.261885,-123.16835,1669825964,-768,1669825964
13276188,111,11-30-2022,-768,6612,1669826732,1669826732,17,Southbound Macdonald St @ W 11 Ave,49.261885,-123.16835,1669825964,-768,1669825964
13276188,111,11-30-2022,-768,6612,1669826732,1669826732,17,Southbound Macdonald St @ W 11 Ave,49.261885,-123.16835,1669825964,-768,1669825964
13276188,111,11-30-2022,-768,6612,1669826732,1669826732,17,Southbound Macdonald St @ W 11 Ave,49.261885,-123.16835,1669825964,-768,1669825964
13276188,111,11-30-2022,-768,6612,1669826732,1669826732,17,Southbound Macdonald St @ W 11 Ave,49.261885,-123.16835,1669825964,-768,1669825964
13276185,109,11-28-2022,-122,6612,1669677003,1669677003,15,Southbound Macdonald St @ W 6th Ave,49.266274,-123.168483,1669676881,-122,1669676881
13276202,115,11-28-2022,-274,6612,1669664109,1669664109,20,Westbound W 16 Ave @ Mackenzie St,49.257839,-123.170777,1669663835,-274,1669663835
13276211,1379,11-30-2022,-118,6612,1669843820,1669843820,14,Southbound Macdonald St @ W 4th Ave,49.268064,-123.168411,1669843702,-118,1669843702
13276211,1379,11-24-2022,-280,6612,1669325420,1669325420,14,Southbound Macdonald St @ W 4th Ave,49.268064,-123.168411,1669325140,-280,1669325140
13276211,1379,11-24-2022,-280,6612,1669325420,1669325420,14,Southbound Macdonald St @ W 4th Ave,49.268064,-123.168411,1669325140,-280,1669325140
13276146,111,11-25-2022,-122,6612,1669426852,1669426852,17,Southbound Macdonald St @ W 11 Ave,49.261885,-123.16835,1669426730,-122,1669426730
13276240,12671,11-29-2022,-144,6612,1669787836,1669787836,28,Westbound W 41 Ave @ Carnarvon St,49.234826,-123.174148,1669787692,-144,1669787692
13276146,111,12-06-2022,-133,6612,1670377252,1670377252,17,Southbound Macdonald St @ W 11 Ave,49.261885,-123.16835,1670377119,-133,1670377119
13276237,55,12-02-2022,-131,6612,1670034900,1670034900,23,Eastbound W 16 Ave @ Carnarvon St,49.257583,-123.17185,1670034769,-131,1670034769
13276146,111,12-08-2022,-124,6612,1670550052,1670550052,17,Southbound Macdonald St @ W 11 Ave,49.261885,-123.16835,1670549928,-124,1670549928
13276202,115,12-06-2022,-182,6612,1670355309,1670355309,20,Westbound W 16 Ave @ Mackenzie St,49.257839,-123.170777,1670355127,-182,1670355127
13276202,115,11-24-2022,-128,6612,1669318509,1669318509,20,Westbound W 16 Ave @ Mackenzie St,49.257839,-123.170777,1669318381,-128,1669318381
13276185,109,12-07-2022,-125,6612,1670454603,1670454603,15,Southbound Macdonald St @ W 6th Ave,49.266274,-123.168483,1670454478,-125,1670454478
13276139,105,11-28-2022,-823,6612,1669707629,1669707629,11,Westbound Cornwall Ave @ Point Grey Rd,49.272731,-123.160216,1669706806,-823,1669706806
13276139,105,11-28-2022,-823,6612,1669707629,1669707629,11,Westbound Cornwall Ave @ Point Grey Rd,49.272731,-123.160216,1669706806,-823,1669706806
13276139,105,11-28-2022,-823,6612,1669707629,1669707629,11,Westbound Cornwall Ave @ Point Grey Rd,49.272731,-123.160216,1669706806,-823,1669706806
13276211,1379,12-06-2022,-151,6612,1670362220,1670362220,14,Southbound Macdonald St @ W 4th Ave,49.268064,-123.168411,1670362069,-151,1670362069
13276227,112,11-29-2022,-127,6612,1669709003,1669709003,18,Southbound Macdonald St @ W 13 Ave,49.260226,-123.168421,1669708876,-127,1669708876
13339278,128,11-27-2022,-130,6612,1669541244,1669541244,25,Southbound Mackenzie St @ W 33 Ave,49.241997,-123.170345,1669541114,-130,1669541114
13276146,111,11-28-2022,-126,6612,1669686052,1669686052,17,Southbound Macdonald St @ W 11 Ave,49.261885,-123.16835,1669685926,-126,1669685926
13276185,109,12-02-2022,-115,6612,1670022603,1670022603,15,Southbound Macdonald St @ W 6th Ave,49.266274,-123.168483,1670022488,-115,1670022488
13276185,109,11-30-2022,-113,6612,1669849803,1669849803,15,Southbound Macdonald St @ W 6th Ave,49.266274,-123.168483,1669849690,-113,1669849690
13276211,1379,12-01-2022,-123,6612,1669930220,1669930220,14,Southbound Macdonald St @ W 4th Ave,49.268064,-123.168411,1669930097,-123,1669930097
13276194,299,12-06-2022,-159,6612,1670370954,1670370954,29,Westbound W 41 Ave @ Blenheim St,49.234831,-123.179103,1670370795,-159,1670370795
13276206,111,12-06-2022,-200,6612,1670353970,1670353970,17,Southbound Macdonald St @ W 11 Ave,49.261885,-123.16835,1670353770,-200,1670353770
13276585,109,12-04-2022,-127,6612,1670186179,1670186179,15,Southbound Macdonald St @ W 6th Ave,49.266274,-123.168483,1670186052,-127,1670186052
13276216,12671,11-30-2022,-118,6612,1669855963,1669855963,28,Westbound W 41 Ave @ Carnarvon St,49.234826,-123.174148,1669855845,-118,1669855845
13276233,110,12-05-2022,-117,6612,1670295411,1670295411,16,Southbound Macdonald St @ W Broadway,49.264268,-123.168373,1670295294,-117,1670295294
13276202,114,11-24-2022,-116,6612,1669318479,1669318479,19,Westbound W 16 Ave @ Macdonald St,49.257816,-123.168896,1669318363,-116,1669318363
13276194,299,12-02-2022,-202,6612,1670025354,1670025354,29,Westbound W 41 Ave @ Blenheim St,49.234831,-123.179103,1670025152,-202,1670025152
13276194,299,12-01-2022,-116,6612,1669938954,1669938954,29,Westbound W 41 Ave @ Blenheim St,49.234831,-123.179103,1669938838,-116,1669938838
13276202,114,12-06-2022,-172,6612,1670355279,1670355279,19,Westbound W 16 Ave @ Macdonald St,49.257816,-123.168896,1670355107,-172,1670355107
13276216,12671,12-05-2022,-114,6612,1670287963,1670287963,28,Westbound W 41 Ave @ Carnarvon St,49.234826,-123.174148,1670287849,-114,1670287849
13276122,130,11-25-2022,-118,6612,1669387409,1669387409,26,Southbound Mackenzie St @ W 37 Ave,49.238254,-123.170377,1669387291,-118,1669387291
13276393,130,12-03-2022,-116,6612,1670129511,1670129511,26,Southbound Mackenzie St @ W 37 Ave,49.238254,-123.170377,1670129395,-116,1670129395
13276185,115,12-02-2022,-121,6612,1670022849,1670022849,20,Westbound W 16 Ave @ Mackenzie St,49.257839,-123.170777,1670022728,-121,1670022728
13276168,113,11-30-2022,-319,6612,1669865999,1669865999,19,Southbound Macdonald St @ W 16 Ave,49.257315,-123.168496,1669865680,-319,1669865680
13276206,106,12-06-2022,-166,6612,1670353672,1670353672,12,Westbound Cornwall Ave @ Trafalgar St,49.272799,-123.164636,1670353506,-166,1670353506
13276185,115,11-30-2022,-143,6612,1669850049,1669850049,20,Westbound W 16 Ave @ Mackenzie St,49.257839,-123.170777,1669849906,-143,1669849906
13276122,130,11-24-2022,-111,6612,1669301009,1669301009,26,Southbound Mackenzie St @ W 37 Ave,49.238254,-123.170377,1669300898,-111,1669300898
13276393,130,11-26-2022,-120,6612,1669524711,1669524711,26,Southbound Mackenzie St @ W 37 Ave,49.238254,-123.170377,1669524591,-120,1669524591
13276202,114,11-28-2022,-264,6612,1669664079,1669664079,19,Westbound W 16 Ave @ Macdonald St,49.257816,-123.168896,1669663815,-264,1669663815
13276656,130,11-28-2022,-150,6612,1669624439,1669624439,26,Southbound Mackenzie St @ W 37 Ave,49.238254,-123.170377,1669624289,-150,1669624289
13276657,113,12-04-2022,-117,6612,1670227050,1670227050,19,Southbound Macdonald St @ W 16 Ave,49.257315,-123.168496,1670226933,-117,1670226933
13276212,107,12-06-2022,-226,6612,1670363355,1670363355,13,Southbound Macdonald St @ W 1st Ave,49.270753,-123.168323,1670363129,-226,1670363129
13276164,299,11-23-2022,-162,6612,1669252014,1669252014,29,Westbound W 41 Ave @ Blenheim St,49.234831,-123.179103,1669251852,-162,1669251852
13276164,299,12-06-2022,-139,6612,1670375214,1670375214,29,Westbound W 41 Ave @ Blenheim St,49.234831,-123.179103,1670375075,-139,1670375075
13276145,296,12-05-2022,-117,6612,1670293012,1670293012,27,Westbound W 41 Ave @ Mackenzie St,49.234819,-123.170795,1670292895,-117,1670292895
13276230,110,11-22-2022,-3142,6612,1669178772,1669178772,16,Southbound Macdonald St @ W Broadway,49.264268,-123.168373,1669175630,-3142,1669175630
13276145,296,11-30-2022,-122,6612,1669861012,1669861012,27,Westbound W 41 Ave @ Mackenzie St,49.234819,-123.170795,1669860890,-122,1669860890
13276209,123,11-30-2022,-113,6612,1669842390,1669842390,22,Westbound W King Edward Ave @ Puget Dr,49.249627,-123.170432,1669842277,-113,1669842277
13339278,124,12-04-2022,-488,6612,1670145905,1670145905,23,Southbound Quesnel Dr @ W King Edward Ave,49.249603,-123.171914,1670145417,-488,1670145417
13339278,124,12-04-2022,-488,6612,1670145905,1670145905,23,Southbound Quesnel Dr @ W King Edward Ave,49.249603,-123.171914,1670145417,-488,1670145417
13339276,296,11-26-2022,-112,6612,1669523589,1669523589,27,Westbound W 41 Ave @ Mackenzie St,49.234819,-123.170795,1669523477,-112,1669523477
13276164,299,11-30-2022,-124,6612,1669856814,1669856814,29,Westbound W 41 Ave @ Blenheim St,49.234831,-123.179103,1669856690,-124,1669856690
13276145,296,11-29-2022,-139,6612,1669774612,1669774612,27,Westbound W 41 Ave @ Mackenzie St,49.234819,-123.170795,1669774473,-139,1669774473
13276228,12671,12-02-2022,-181,6612,1669995606,1669995606,28,Westbound W 41 Ave @ Carnarvon St,49.234826,-123.174148,1669995425,-181,1669995425
13276139,111,11-28-2022,-857,6612,1669707894,1669707894,17,Southbound Macdonald St @ W 11 Ave,49.261885,-123.16835,1669707037,-857,1669707037
13276139,111,11-28-2022,-857,6612,1669707894,1669707894,17,Southbound Macdonald St @ W 11 Ave,49.261885,-123.16835,1669707037,-857,1669707037
13276139,111,11-28-2022,-857,6612,1669707894,1669707894,17,Southbound Macdonald St @ W 11 Ave,49.261885,-123.16835,1669707037,-857,1669707037
13339362,646,12-04-2022,-153,6612,1670217300,1670217300,31,Dunbar Loop @ Bay 2,49.234593,-123.18575,1670217147,-153,1670217147
13276228,12671,12-05-2022,-135,6612,1670254806,1670254806,28,Westbound W 41 Ave @ Carnarvon St,49.234826,-123.174148,1670254671,-135,1670254671
13276117,107,11-25-2022,-123,6612,1669392634,1669392634,13,Southbound Macdonald St @ W 1st Ave,49.270753,-123.168323,1669392511,-123,1669392511
13276378,54,12-04-2022,-179,6612,1670142602,1670142602,22,Eastbound W 16 Ave @ Trutch St,49.257636,-123.175459,1670142423,-179,1670142423
13276220,296,11-24-2022,-117,6612,1669340504,1669340504,27,Westbound W 41 Ave @ Mackenzie St,49.234819,-123.170795,1669340387,-117,1669340387
13276117,107,12-08-2022,-246,6612,1670515834,1670515834,13,Southbound Macdonald St @ W 1st Ave,49.270753,-123.168323,1670515588,-246,1670515588
13276233,112,12-05-2022,-140,6612,1670295511,1670295511,18,Southbound Macdonald St @ W 13 Ave,49.260226,-123.168421,1670295371,-140,1670295371
13276220,296,11-30-2022,-167,6612,1669858903,1669858903,27,Westbound W 41 Ave @ Mackenzie St,49.234819,-123.170795,1669858736,-167,1669858736
13276220,296,11-23-2022,-132,6612,1669254104,1669254104,27,Westbound W 41 Ave @ Mackenzie St,49.234819,-123.170795,1669253972,-132,1669253972
13276675,110,11-27-2022,-141,6612,1669579025,1669579025,16,Southbound Macdonald St @ W Broadway,49.264268,-123.168373,1669578884,-141,1669578884
13276232,124,11-23-2022,-3389,6612,1669266725,1669266725,23,Southbound Quesnel Dr @ W King Edward Ave,49.249603,-123.171914,1669263336,-3389,1669263336
13276232,124,11-23-2022,-3389,6612,1669266725,1669266725,23,Southbound Quesnel Dr @ W King Edward Ave,49.249603,-123.171914,1669263336,-3389,1669263336
13276228,12671,11-29-2022,-112,6612,1669736406,1669736406,28,Westbound W 41 Ave @ Carnarvon St,49.234826,-123.174148,1669736294,-112,1669736294
13276658,12671,11-28-2022,-131,6612,1669629215,1669629215,28,Westbound W 41 Ave @ Carnarvon St,49.234826,-123.174148,1669629084,-131,1669629084
13276228,12671,11-25-2022,-177,6612,1669390807,1669390807,28,Westbound W 41 Ave @ Carnarvon St,49.234826,-123.174148,1669390630,-177,1669390630
13276188,110,11-30-2022,-772,6612,1669826685,1669826685,16,Southbound Macdonald St @ W Broadway,49.264268,-123.168373,1669825913,-772,1669825913
13276188,110,11-30-2022,-772,6612,1669826685,1669826685,16,Southbound Macdonald St @ W Broadway,49.264268,-123.168373,1669825913,-772,1669825913
13276188,110,11-30-2022,-772,6612,1669826685,1669826685,16,Southbound Macdonald St @ W Broadway,49.264268,-123.168373,1669825913,-772,1669825913
13276188,110,11-30-2022,-772,6612,1669826685,1669826685,16,Southbound Macdonald St @ W Broadway,49.264268,-123.168373,1669825913,-772,1669825913
13276188,110,11-30-2022,-772,6612,1669826685,1669826685,16,Southbound Macdonald St @ W Broadway,49.264268,-123.168373,1669825913,-772,1669825913
13276188,110,11-30-2022,-772,6612,1669826685,1669826685,16,Southbound Macdonald St @ W Broadway,49.264268,-123.168373,1669825913,-772,1669825913
13276188,110,11-30-2022,-772,6612,1669826685,1669826685,16,Southbound Macdonald St @ W Broadway,49.264268,-123.168373,1669825913,-772,1669825913
13276188,8535,11-30-2022,-884,6612,1669825829,1669825829,2,Burrard Station @ Bay 1,49.285306,-123.119982,1669824945,-884,1669824945
13276220,296,12-02-2022,-149,6612,1670031703,1670031703,27,Westbound W 41 Ave @ Mackenzie St,49.234819,-123.170795,1670031554,-149,1670031554
13276136,299,11-23-2022,-152,6612,1669242714,1669242714,29,Westbound W 41 Ave @ Blenheim St,49.234831,-123.179103,1669242562,-152,1669242562
13339359,646,12-04-2022,-112,6612,1670212020,1670212020,31,Dunbar Loop @ Bay 2,49.234593,-123.18575,1670211908,-112,1670211908
13276136,299,12-02-2022,-141,6612,1670020314,1670020314,29,Westbound W 41 Ave @ Blenheim St,49.234831,-123.179103,1670020173,-141,1670020173
13276189,12671,12-08-2022,-128,6612,1670532763,1670532763,28,Westbound W 41 Ave @ Carnarvon St,49.234826,-123.174148,1670532635,-128,1670532635
13276127,54,12-01-2022,-111,6612,1669910273,1669910273,22,Eastbound W 16 Ave @ Trutch St,49.257636,-123.175459,1669910162,-111,1669910162
13276127,54,12-02-2022,-124,6612,1669996673,1669996673,22,Eastbound W 16 Ave @ Trutch St,49.257636,-123.175459,1669996549,-124,1669996549
13276211,105,11-24-2022,-223,6612,1669325200,1669325200,11,Westbound Cornwall Ave @ Point Grey Rd,49.272731,-123.160216,1669324977,-223,1669324977
13276211,105,11-24-2022,-223,6612,1669325200,1669325200,11,Westbound Cornwall Ave @ Point Grey Rd,49.272731,-123.160216,1669324977,-223,1669324977
13276127,54,12-08-2022,-125,6612,1670515073,1670515073,22,Eastbound W 16 Ave @ Trutch St,49.257636,-123.175459,1670514948,-125,1670514948
13276127,54,12-08-2022,-125,6612,1670515073,1670515073,22,Eastbound W 16 Ave @ Trutch St,49.257636,-123.175459,1670514948,-125,1670514948
13276136,299,12-06-2022,-118,6612,1670365914,1670365914,29,Westbound W 41 Ave @ Blenheim St,49.234831,-123.179103,1670365796,-118,1670365796
13276227,126,12-08-2022,-154,6612,1670486957,1670486957,24,Southbound Mackenzie St @ W 29 Ave,49.245848,-123.170308,1670486803,-154,1670486803
13276189,12671,11-30-2022,-115,6612,1669841563,1669841563,28,Westbound W 41 Ave @ Carnarvon St,49.234826,-123.174148,1669841448,-115,1669841448
13276188,124,11-30-2022,-1815,6612,1669827076,1669827076,23,Southbound Quesnel Dr @ W King Edward Ave,49.249603,-123.171914,1669825261,-1815,1669825261
13276188,124,11-30-2022,-1815,6612,1669827076,1669827076,23,Southbound Quesnel Dr @ W King Edward Ave,49.249603,-123.171914,1669825261,-1815,1669825261
13276188,124,11-30-2022,-1815,6612,1669827076,1669827076,23,Southbound Quesnel Dr @ W King Edward Ave,49.249603,-123.171914,1669825261,-1815,1669825261
13276188,124,11-30-2022,-1815,6612,1669827076,1669827076,23,Southbound Quesnel Dr @ W King Edward Ave,49.249603,-123.171914,1669825261,-1815,1669825261
13276188,124,11-30-2022,-1815,6612,1669827076,1669827076,23,Southbound Quesnel Dr @ W King Edward Ave,49.249603,-123.171914,1669825261,-1815,1669825261
13276188,124,11-30-2022,-1815,6612,1669827076,1669827076,23,Southbound Quesnel Dr @ W King Edward Ave,49.249603,-123.171914,1669825261,-1815,1669825261
13276188,124,11-30-2022,-1815,6612,1669827076,1669827076,23,Southbound Quesnel Dr @ W King Edward Ave,49.249603,-123.171914,1669825261,-1815,1669825261
13339359,646,11-27-2022,-117,6612,1669607220,1669607220,31,Dunbar Loop @ Bay 2,49.234593,-123.18575,1669607103,-117,1669607103
13276136,299,12-05-2022,-124,6612,1670279514,1670279514,29,Westbound W 41 Ave @ Blenheim St,49.234831,-123.179103,1670279390,-124,1670279390
13276211,105,12-01-2022,-126,6612,1669930000,1669930000,11,Westbound Cornwall Ave @ Point Grey Rd,49.272731,-123.160216,1669929874,-126,1669929874
13276227,126,12-06-2022,-115,6612,1670314157,1670314157,24,Southbound Mackenzie St @ W 29 Ave,49.245848,-123.170308,1670314042,-115,1670314042
13276127,54,11-24-2022,-117,6612,1669305473,1669305473,22,Eastbound W 16 Ave @ Trutch St,49.257636,-123.175459,1669305356,-117,1669305356
13276227,126,12-01-2022,-126,6612,1669882157,1669882157,24,Southbound Mackenzie St @ W 29 Ave,49.245848,-123.170308,1669882031,-126,1669882031
13276227,126,12-07-2022,-123,6612,1670400557,1670400557,24,Southbound Mackenzie St @ W 29 Ave,49.245848,-123.170308,1670400434,-123,1670400434
13276127,54,11-23-2022,-127,6612,1669219073,1669219073,22,Eastbound W 16 Ave @ Trutch St,49.257636,-123.175459,1669218946,-127,1669218946
13276136,299,11-30-2022,-130,6612,1669847514,1669847514,29,Westbound W 41 Ave @ Blenheim St,49.234831,-123.179103,1669847384,-130,1669847384
13276227,126,11-29-2022,-119,6612,1669709357,1669709357,24,Southbound Mackenzie St @ W 29 Ave,49.245848,-123.170308,1669709238,-119,1669709238
13276139,124,11-28-2022,-112,6612,1669708205,1669708205,23,Southbound Quesnel Dr @ W King Edward Ave,49.249603,-123.171914,1669708093,-112,1669708093
13276127,54,12-07-2022,-145,6612,1670428673,1670428673,22,Eastbound W 16 Ave @ Trutch St,49.257636,-123.175459,1670428528,-145,1670428528
13276127,54,12-07-2022,-145,6612,1670428673,1670428673,22,Eastbound W 16 Ave @ Trutch St,49.257636,-123.175459,1670428528,-145,1670428528
13276127,54,12-07-2022,-145,6612,1670428673,1670428673,22,Eastbound W 16 Ave @ Trutch St,49.257636,-123.175459,1670428528,-145,1670428528
13276189,12671,12-01-2022,-145,6612,1669927963,1669927963,28,Westbound W 41 Ave @ Carnarvon St,49.234826,-123.174148,1669927818,-145,1669927818
13276127,54,11-25-2022,-219,6612,1669391873,1669391873,22,Eastbound W 16 Ave @ Trutch St,49.257636,-123.175459,1669391654,-219,1669391654
13276136,299,12-01-2022,-159,6612,1669933914,1669933914,29,Westbound W 41 Ave @ Blenheim St,49.234831,-123.179103,1669933755,-159,1669933755
13276633,116,12-05-2022,-114,6612,1670234618,1670234618,21,Westbound W 16 Ave @ Balaclava St,49.257904,-123.17458,1670234504,-114,1670234504
13276142,130,11-29-2022,-212,6612,1669713998,1669713998,26,Southbound Mackenzie St @ W 37 Ave,49.238254,-123.170377,1669713786,-212,1669713786
13276141,300,12-01-2022,-175,6612,1669885257,1669885257,30,Westbound W 41 Ave @ Collingwood St,49.234836,-123.182546,1669885082,-175,1669885082
13276154,112,11-29-2022,-162,6612,1669740031,1669740031,18,Southbound Macdonald St @ W 13 Ave,49.260226,-123.168421,1669739869,-162,1669739869
13276128,115,11-25-2022,-117,6612,1669392674,1669392674,20,Westbound W 16 Ave @ Mackenzie St,49.257839,-123.170777,1669392557,-117,1669392557
13276124,54,12-08-2022,-213,6612,1670512558,1670512558,22,Eastbound W 16 Ave @ Trutch St,49.257636,-123.175459,1670512345,-213,1670512345
13276141,300,12-06-2022,-125,6612,1670317257,1670317257,30,Westbound W 41 Ave @ Collingwood St,49.234836,-123.182546,1670317132,-125,1670317132
13276141,300,11-29-2022,-167,6612,1669712457,1669712457,30,Westbound W 41 Ave @ Collingwood St,49.234836,-123.182546,1669712290,-167,1669712290
13276154,112,11-23-2022,-111,6612,1669221631,1669221631,18,Southbound Macdonald St @ W 13 Ave,49.260226,-123.168421,1669221520,-111,1669221520
13276205,123,12-06-2022,-180,6612,1670358344,1670358344,22,Westbound W King Edward Ave @ Puget Dr,49.249627,-123.170432,1670358164,-180,1670358164
13276205,123,12-06-2022,-180,6612,1670358344,1670358344,22,Westbound W King Edward Ave @ Puget Dr,49.249627,-123.170432,1670358164,-180,1670358164
13276124,54,12-05-2022,-114,6612,1670253358,1670253358,22,Eastbound W 16 Ave @ Trutch St,49.257636,-123.175459,1670253244,-114,1670253244
13276116,1379,11-25-2022,-150,6612,1669391797,1669391797,14,Southbound Macdonald St @ W 4th Ave,49.268064,-123.168411,1669391647,-150,1669391647
13276217,1379,11-30-2022,-198,6612,1669855621,1669855621,14,Southbound Macdonald St @ W 4th Ave,49.268064,-123.168411,1669855423,-198,1669855423
13276217,1379,11-30-2022,-198,6612,1669855621,1669855621,14,Southbound Macdonald St @ W 4th Ave,49.268064,-123.168411,1669855423,-198,1669855423
13276124,54,11-23-2022,-123,6612,1669216558,1669216558,22,Eastbound W 16 Ave @ Trutch St,49.257636,-123.175459,1669216435,-123,1669216435
13276141,300,12-07-2022,-160,6612,1670403657,1670403657,30,Westbound W 41 Ave @ Collingwood St,49.234836,-123.182546,1670403497,-160,1670403497
13276633,116,11-28-2022,-126,6612,1669629818,1669629818,21,Westbound W 16 Ave @ Balaclava St,49.257904,-123.17458,1669629692,-126,1669629692
13276124,54,11-25-2022,-111,6612,1669389358,1669389358,22,Eastbound W 16 Ave @ Trutch St,49.257636,-123.175459,1669389247,-111,1669389247
13276208,114,11-30-2022,-115,6612,1669841679,1669841679,19,Westbound W 16 Ave @ Macdonald St,49.257816,-123.168896,1669841564,-115,1669841564
13276208,114,11-30-2022,-115,6612,1669841679,1669841679,19,Westbound W 16 Ave @ Macdonald St,49.257816,-123.168896,1669841564,-115,1669841564
13276141,300,12-08-2022,-134,6612,1670490057,1670490057,30,Westbound W 41 Ave @ Collingwood St,49.234836,-123.182546,1670489923,-134,1670489923
13276128,115,12-05-2022,-112,6612,1670256674,1670256674,20,Westbound W 16 Ave @ Mackenzie St,49.257839,-123.170777,1670256562,-112,1670256562
13276194,107,12-02-2022,-161,6612,1670024306,1670024306,13,Southbound Macdonald St @ W 1st Ave,49.270753,-123.168323,1670024145,-161,1670024145
13276154,112,12-02-2022,-111,6612,1669999231,1669999231,18,Southbound Macdonald St @ W 13 Ave,49.260226,-123.168421,1669999120,-111,1669999120
13276128,115,12-02-2022,-123,6612,1669997474,1669997474,20,Westbound W 16 Ave @ Mackenzie St,49.257839,-123.170777,1669997351,-123,1669997351
13276128,115,11-28-2022,-119,6612,1669651874,1669651874,20,Westbound W 16 Ave @ Mackenzie St,49.257839,-123.170777,1669651755,-119,1669651755
13276124,54,12-02-2022,-113,6612,1669994158,1669994158,22,Eastbound W 16 Ave @ Trutch St,49.257636,-123.175459,1669994045,-113,1669994045
13276128,115,11-29-2022,-124,6612,1669738274,1669738274,20,Westbound W 16 Ave @ Mackenzie St,49.257839,-123.170777,1669738150,-124,1669738150
13276142,130,12-06-2022,-191,6612,1670318798,1670318798,26,Southbound Mackenzie St @ W 37 Ave,49.238254,-123.170377,1670318607,-191,1670318607
13276154,112,11-28-2022,-132,6612,1669653631,1669653631,18,Southbound Macdonald St @ W 13 Ave,49.260226,-123.168421,1669653499,-132,1669653499
13276238,296,11-29-2022,-126,6612,1669783597,1669783597,27,Westbound W 41 Ave @ Mackenzie St,49.234819,-123.170795,1669783471,-126,1669783471
13276128,115,12-06-2022,-112,6612,1670343074,1670343074,20,Westbound W 16 Ave @ Mackenzie St,49.257839,-123.170777,1670342962,-112,1670342962
13276223,111,11-29-2022,-113,6612,1669773796,1669773796,17,Southbound Macdonald St @ W 11 Ave,49.261885,-123.16835,1669773683,-113,1669773683
13276221,109,11-30-2022,-122,6612,1669859444,1669859444,15,Southbound Macdonald St @ W 6th Ave,49.266274,-123.168483,1669859322,-122,1669859322
13276139,101,11-28-2022,-794,6612,1669707490,1669707490,8,Westbound Cornwall Ave @ Cypress St,49.272539,-123.148302,1669706696,-794,1669706696
13276139,101,11-28-2022,-794,6612,1669707490,1669707490,8,Westbound Cornwall Ave @ Cypress St,49.272539,-123.148302,1669706696,-794,1669706696
13276139,101,11-28-2022,-794,6612,1669707490,1669707490,8,Westbound Cornwall Ave @ Cypress St,49.272539,-123.148302,1669706696,-794,1669706696
13276211,111,11-24-2022,-288,6612,1669325570,1669325570,17,Southbound Macdonald St @ W 11 Ave,49.261885,-123.16835,1669325282,-288,1669325282
13276211,111,11-24-2022,-288,6612,1669325570,1669325570,17,Southbound Macdonald St @ W 11 Ave,49.261885,-123.16835,1669325282,-288,1669325282
13276221,109,11-29-2022,-126,6612,1669773044,1669773044,15,Southbound Macdonald St @ W 6th Ave,49.266274,-123.168483,1669772918,-126,1669772918
13276211,111,12-01-2022,-133,6612,1669930370,1669930370,17,Southbound Macdonald St @ W 11 Ave,49.261885,-123.16835,1669930237,-133,1669930237
13276211,111,11-30-2022,-128,6612,1669843970,1669843970,17,Southbound Macdonald St @ W 11 Ave,49.261885,-123.16835,1669843842,-128,1669843842
13276221,109,12-06-2022,-123,6612,1670377844,1670377844,15,Southbound Macdonald St @ W 6th Ave,49.266274,-123.168483,1670377721,-123,1670377721
13276672,115,11-27-2022,-133,6612,1669568093,1669568093,20,Westbound W 16 Ave @ Mackenzie St,49.257839,-123.170777,1669567960,-133,1669567960
13276223,111,11-30-2022,-121,6612,1669860196,1669860196,17,Southbound Macdonald St @ W 11 Ave,49.261885,-123.16835,1669860075,-121,1669860075
13276413,299,11-26-2022,-121,6612,1669483218,1669483218,29,Westbound W 41 Ave @ Blenheim St,49.234831,-123.179103,1669483097,-121,1669483097
13276211,111,12-06-2022,-158,6612,1670362370,1670362370,17,Southbound Macdonald St @ W 11 Ave,49.261885,-123.16835,1670362212,-158,1670362212
13276645,124,11-27-2022,-120,6612,1669583416,1669583416,23,Southbound Quesnel Dr @ W King Edward Ave,49.249603,-123.171914,1669583296,-120,1669583296
13276221,109,12-02-2022,-137,6612,1670032244,1670032244,15,Southbound Macdonald St @ W 6th Ave,49.266274,-123.168483,1670032107,-137,1670032107
13276658,296,11-28-2022,-117,6612,1669629180,1669629180,27,Westbound W 41 Ave @ Mackenzie St,49.234819,-123.170795,1669629063,-117,1669629063
13276220,12671,12-02-2022,-165,6612,1670031754,1670031754,28,Westbound W 41 Ave @ Carnarvon St,49.234826,-123.174148,1670031589,-165,1670031589
13276220,12671,11-23-2022,-145,6612,1669254155,1669254155,28,Westbound W 41 Ave @ Carnarvon St,49.234826,-123.174148,1669254010,-145,1669254010
13276237,1379,12-02-2022,-128,6612,1670034404,1670034404,14,Southbound Macdonald St @ W 4th Ave,49.268064,-123.168411,1670034276,-128,1670034276
13276237,54,12-02-2022,-131,6612,1670034826,1670034826,22,Eastbound W 16 Ave @ Trutch St,49.257636,-123.175459,1670034695,-131,1670034695
13276158,114,11-30-2022,-118,6612,1669857437,1669857437,19,Westbound W 16 Ave @ Macdonald St,49.257816,-123.168896,1669857319,-118,1669857319
13276393,296,11-26-2022,-141,6612,1669524789,1669524789,27,Westbound W 41 Ave @ Mackenzie St,49.234819,-123.170795,1669524648,-141,1669524648
13276237,54,11-28-2022,-163,6612,1669689226,1669689226,22,Eastbound W 16 Ave @ Trutch St,49.257636,-123.175459,1669689063,-163,1669689063
13276117,110,12-08-2022,-228,6612,1670515985,1670515985,16,Southbound Macdonald St @ W Broadway,49.264268,-123.168373,1670515757,-228,1670515757
13276645,296,11-27-2022,-155,6612,1669583716,1669583716,27,Westbound W 41 Ave @ Mackenzie St,49.234819,-123.170795,1669583561,-155,1669583561
13276393,296,12-03-2022,-135,6612,1670129589,1670129589,27,Westbound W 41 Ave @ Mackenzie St,49.234819,-123.170795,1670129454,-135,1670129454
13276220,12671,11-30-2022,-119,6612,1669858954,1669858954,28,Westbound W 41 Ave @ Carnarvon St,49.234826,-123.174148,1669858835,-119,1669858835
13276197,296,12-05-2022,-354,6612,1670264956,1670264956,27,Westbound W 41 Ave @ Mackenzie St,49.234819,-123.170795,1670264602,-354,1670264602
13276237,54,11-30-2022,-136,6612,1669862026,1669862026,22,Eastbound W 16 Ave @ Trutch St,49.257636,-123.175459,1669861890,-136,1669861890
13276166,128,11-22-2022,-130,6612,1669170425,1669170425,25,Southbound Mackenzie St @ W 33 Ave,49.241997,-123.170345,1669170295,-130,1669170295
13276418,299,11-27-2022,-219,6612,1669543274,1669543274,29,Westbound W 41 Ave @ Blenheim St,49.234831,-123.179103,1669543055,-219,1669543055
13276220,12671,11-24-2022,-122,6612,1669340555,1669340555,28,Westbound W 41 Ave @ Carnarvon St,49.234826,-123.174148,1669340433,-122,1669340433
13276206,110,12-06-2022,-187,6612,1670353911,1670353911,16,Southbound Macdonald St @ W Broadway,49.264268,-123.168373,1670353724,-187,1670353724
13276166,128,11-30-2022,-118,6612,1669861625,1669861625,25,Southbound Mackenzie St @ W 33 Ave,49.241997,-123.170345,1669861507,-118,1669861507
13276166,128,12-01-2022,-120,6612,1669948025,1669948025,25,Southbound Mackenzie St @ W 33 Ave,49.241997,-123.170345,1669947905,-120,1669947905
13276672,55,11-27-2022,-124,6612,1669568220,1669568220,23,Eastbound W 16 Ave @ Carnarvon St,49.257583,-123.17185,1669568096,-124,1669568096
13276418,299,12-04-2022,-258,6612,1670148074,1670148074,29,Westbound W 41 Ave @ Blenheim St,49.234831,-123.179103,1670147816,-258,1670147816
13276174,300,12-08-2022,-118,6612,1670551665,1670551665,30,Westbound W 41 Ave @ Collingwood St,49.234836,-123.182546,1670551547,-118,1670551547
13276174,300,11-28-2022,-114,6612,1669687665,1669687665,30,Westbound W 41 Ave @ Collingwood St,49.234836,-123.182546,1669687551,-114,1669687551
13276174,300,12-05-2022,-166,6612,1670292465,1670292465,30,Westbound W 41 Ave @ Collingwood St,49.234836,-123.182546,1670292299,-166,1670292299
13276202,105,12-06-2022,-156,6612,1670354800,1670354800,11,Westbound Cornwall Ave @ Point Grey Rd,49.272731,-123.160216,1670354644,-156,1670354644
13276211,103,11-24-2022,-202,6612,1669325082,1669325082,9,Westbound Cornwall Ave @ Arbutus St,49.272608,-123.152989,1669324880,-202,1669324880
13276211,103,11-24-2022,-202,6612,1669325082,1669325082,9,Westbound Cornwall Ave @ Arbutus St,49.272608,-123.152989,1669324880,-202,1669324880
13276227,128,12-01-2022,-128,6612,1669882224,1669882224,25,Southbound Mackenzie St @ W 33 Ave,49.241997,-123.170345,1669882096,-128,1669882096
13276205,112,12-06-2022,-114,6612,1670358042,1670358042,18,Southbound Macdonald St @ W 13 Ave,49.260226,-123.168421,1670357928,-114,1670357928
13276205,112,12-06-2022,-114,6612,1670358042,1670358042,18,Southbound Macdonald St @ W 13 Ave,49.260226,-123.168421,1670357928,-114,1670357928
13276174,128,12-05-2022,-128,6612,1670292125,1670292125,25,Southbound Mackenzie St @ W 33 Ave,49.241997,-123.170345,1670291997,-128,1670291997
13276198,115,11-29-2022,-112,6612,1669746909,1669746909,20,Westbound W 16 Ave @ Mackenzie St,49.257839,-123.170777,1669746797,-112,1669746797
13276198,115,11-23-2022,-124,6612,1669228509,1669228509,20,Westbound W 16 Ave @ Mackenzie St,49.257839,-123.170777,1669228385,-124,1669228385
13276215,104,12-06-2022,-197,6612,1670372271,1670372271,10,Westbound Cornwall Ave @ Yew St,49.272645,-123.155439,1670372074,-197,1670372074
13276198,115,12-02-2022,-135,6612,1670006109,1670006109,20,Westbound W 16 Ave @ Mackenzie St,49.257839,-123.170777,1670005974,-135,1670005974
13276198,115,12-08-2022,-156,6612,1670524509,1670524509,20,Westbound W 16 Ave @ Mackenzie St,49.257839,-123.170777,1670524353,-156,1670524353
13276198,115,12-07-2022,-117,6612,1670438109,1670438109,20,Westbound W 16 Ave @ Mackenzie St,49.257839,-123.170777,1670437992,-117,1670437992
13276198,115,12-05-2022,-112,6612,1670265309,1670265309,20,Westbound W 16 Ave @ Mackenzie St,49.257839,-123.170777,1670265197,-112,1670265197
13276198,115,11-24-2022,-141,6612,1669314909,1669314909,20,Westbound W 16 Ave @ Mackenzie St,49.257839,-123.170777,1669314768,-141,1669314768
13276198,115,11-25-2022,-126,6612,1669401309,1669401309,20,Westbound W 16 Ave @ Mackenzie St,49.257839,-123.170777,1669401183,-126,1669401183
13276238,300,11-29-2022,-144,6612,1669783734,1669783734,30,Westbound W 41 Ave @ Collingwood St,49.234836,-123.182546,1669783590,-144,1669783590
13276227,128,12-07-2022,-139,6612,1670400624,1670400624,25,Southbound Mackenzie St @ W 33 Ave,49.241997,-123.170345,1670400485,-139,1670400485
13276227,128,11-29-2022,-116,6612,1669709424,1669709424,25,Southbound Mackenzie St @ W 33 Ave,49.241997,-123.170345,1669709308,-116,1669709308
13276227,128,12-08-2022,-167,6612,1670487024,1670487024,25,Southbound Mackenzie St @ W 33 Ave,49.241997,-123.170345,1670486857,-167,1670486857
13276227,128,12-06-2022,-131,6612,1670314224,1670314224,25,Southbound Mackenzie St @ W 33 Ave,49.241997,-123.170345,1670314093,-131,1670314093
13276219,54,11-30-2022,-180,6612,1669858360,1669858360,22,Eastbound W 16 Ave @ Trutch St,49.257636,-123.175459,1669858180,-180,1669858180
13339268,646,11-26-2022,-149,6612,1669515720,1669515720,31,Dunbar Loop @ Bay 2,49.234593,-123.18575,1669515571,-149,1669515571
13276127,1379,12-07-2022,-134,6612,1670428297,1670428297,14,Southbound Macdonald St @ W 4th Ave,49.268064,-123.168411,1670428163,-134,1670428163
13276219,54,12-07-2022,-126,6612,1670463160,1670463160,22,Eastbound W 16 Ave @ Trutch St,49.257636,-123.175459,1670463034,-126,1670463034
13276219,54,12-07-2022,-126,6612,1670463160,1670463160,22,Eastbound W 16 Ave @ Trutch St,49.257636,-123.175459,1670463034,-126,1670463034
13276219,54,12-07-2022,-126,6612,1670463160,1670463160,22,Eastbound W 16 Ave @ Trutch St,49.257636,-123.175459,1670463034,-126,1670463034
13276161,12671,12-01-2022,-118,6612,1669931621,1669931621,28,Westbound W 41 Ave @ Carnarvon St,49.234826,-123.174148,1669931503,-118,1669931503
13276139,128,11-23-2022,-115,6612,1669276344,1669276344,25,Southbound Mackenzie St @ W 33 Ave,49.241997,-123.170345,1669276229,-115,1669276229
13276127,1379,12-02-2022,-4271,6612,1669996297,1669996297,14,Southbound Macdonald St @ W 4th Ave,49.268064,-123.168411,1669992026,-4271,1669992026
13276197,299,12-05-2022,-385,6612,1670265063,1670265063,29,Westbound W 41 Ave @ Blenheim St,49.234831,-123.179103,1670264678,-385,1670264678
13276142,296,12-06-2022,-206,6612,1670318864,1670318864,27,Westbound W 41 Ave @ Mackenzie St,49.234819,-123.170795,1670318658,-206,1670318658
13276139,128,12-06-2022,-112,6612,1670399544,1670399544,25,Southbound Mackenzie St @ W 33 Ave,49.241997,-123.170345,1670399432,-112,1670399432
13276418,121,12-04-2022,-132,6612,1670147604,1670147604,21,Southbound Macdonald St @ Alamein Ave,49.249858,-123.167913,1670147472,-132,1670147472
13276127,1379,11-25-2022,-120,6612,1669391497,1669391497,14,Southbound Macdonald St @ W 4th Ave,49.268064,-123.168411,1669391377,-120,1669391377
13276139,128,11-30-2022,-126,6612,1669881144,1669881144,25,Southbound Mackenzie St @ W 33 Ave,49.241997,-123.170345,1669881018,-126,1669881018
13276395,12671,11-26-2022,-116,6612,1669526034,1669526034,28,Westbound W 41 Ave @ Carnarvon St,49.234826,-123.174148,1669525918,-116,1669525918
13276161,12671,11-30-2022,-132,6612,1669845221,1669845221,28,Westbound W 41 Ave @ Carnarvon St,49.234826,-123.174148,1669845089,-132,1669845089
13276219,54,12-08-2022,-116,6612,1670549560,1670549560,22,Eastbound W 16 Ave @ Trutch St,49.257636,-123.175459,1670549444,-116,1670549444
13276139,128,11-22-2022,-117,6612,1669189944,1669189944,25,Southbound Mackenzie St @ W 33 Ave,49.241997,-123.170345,1669189827,-117,1669189827
13276378,115,12-04-2022,-140,6612,1670142520,1670142520,20,Westbound W 16 Ave @ Mackenzie St,49.257839,-123.170777,1670142380,-140,1670142380
13339278,101,12-04-2022,-273,6612,1670145190,1670145190,8,Westbound Cornwall Ave @ Cypress St,49.272539,-123.148302,1670144917,-273,1670144917
13339278,101,12-04-2022,-273,6612,1670145190,1670145190,8,Westbound Cornwall Ave @ Cypress St,49.272539,-123.148302,1670144917,-273,1670144917
13276161,12671,12-05-2022,-115,6612,1670277221,1670277221,28,Westbound W 41 Ave @ Carnarvon St,49.234826,-123.174148,1670277106,-115,1670277106
13339352,646,12-04-2022,-113,6612,1670204460,1670204460,31,Dunbar Loop @ Bay 2,49.234593,-123.18575,1670204347,-113,1670204347
13276219,54,12-06-2022,-123,6612,1670376760,1670376760,22,Eastbound W 16 Ave @ Trutch St,49.257636,-123.175459,1670376637,-123,1670376637
13339352,646,11-27-2022,-114,6612,1669599660,1669599660,31,Dunbar Loop @ Bay 2,49.234593,-123.18575,1669599546,-114,1669599546
13276219,54,11-23-2022,-127,6612,1669253560,1669253560,22,Eastbound W 16 Ave @ Trutch St,49.257636,-123.175459,1669253433,-127,1669253433
13276161,12671,12-06-2022,-123,6612,1670363621,1670363621,28,Westbound W 41 Ave @ Carnarvon St,49.234826,-123.174148,1670363498,-123,1670363498
13276142,296,11-29-2022,-232,6612,1669714064,1669714064,27,Westbound W 41 Ave @ Mackenzie St,49.234819,-123.170795,1669713832,-232,1669713832
13276139,128,11-28-2022,-157,6612,1669708344,1669708344,25,Southbound Mackenzie St @ W 33 Ave,49.241997,-123.170345,1669708187,-157,1669708187
13276219,54,11-28-2022,-141,6612,1669685560,1669685560,22,Eastbound W 16 Ave @ Trutch St,49.257636,-123.175459,1669685419,-141,1669685419
13276161,12671,11-24-2022,-124,6612,1669326821,1669326821,28,Westbound W 41 Ave @ Carnarvon St,49.234826,-123.174148,1669326697,-124,1669326697
13276161,12671,11-28-2022,-145,6612,1669672421,1669672421,28,Westbound W 41 Ave @ Carnarvon St,49.234826,-123.174148,1669672276,-145,1669672276
13276161,12671,12-07-2022,-144,6612,1670450021,1670450021,28,Westbound W 41 Ave @ Carnarvon St,49.234826,-123.174148,1670449877,-144,1670449877
13276139,128,11-24-2022,-112,6612,1669362744,1669362744,25,Southbound Mackenzie St @ W 33 Ave,49.241997,-123.170345,1669362632,-112,1669362632
13276197,299,11-25-2022,-128,6612,1669401063,1669401063,29,Westbound W 41 Ave @ Blenheim St,49.234831,-123.179103,1669400935,-128,1669400935
13276161,12671,11-29-2022,-124,6612,1669758821,1669758821,28,Westbound W 41 Ave @ Carnarvon St,49.234826,-123.174148,1669758697,-124,1669758697
13276138,299,12-06-2022,-126,6612,1670398694,1670398694,29,Westbound W 41 Ave @ Blenheim St,49.234831,-123.179103,1670398568,-126,1670398568
13276221,1379,12-02-2022,-123,6612,1670032192,1670032192,14,Southbound Macdonald St @ W 4th Ave,49.268064,-123.168411,1670032069,-123,1670032069
13276128,55,12-05-2022,-145,6612,1670256840,1670256840,23,Eastbound W 16 Ave @ Carnarvon St,49.257583,-123.17185,1670256695,-145,1670256695
13276135,116,11-25-2022,-131,6612,1669421106,1669421106,21,Westbound W 16 Ave @ Balaclava St,49.257904,-123.17458,1669420975,-131,1669420975
13276138,299,11-24-2022,-128,6612,1669361894,1669361894,29,Westbound W 41 Ave @ Blenheim St,49.234831,-123.179103,1669361766,-128,1669361766
13276128,55,12-06-2022,-147,6612,1670343240,1670343240,23,Eastbound W 16 Ave @ Carnarvon St,49.257583,-123.17185,1670343093,-147,1670343093
13276135,116,12-05-2022,-175,6612,1670285106,1670285106,21,Westbound W 16 Ave @ Balaclava St,49.257904,-123.17458,1670284931,-175,1670284931
13276138,299,11-25-2022,-129,6612,1669448294,1669448294,29,Westbound W 41 Ave @ Blenheim St,49.234831,-123.179103,1669448165,-129,1669448165
13276128,55,11-29-2022,-133,6612,1669738440,1669738440,23,Eastbound W 16 Ave @ Carnarvon St,49.257583,-123.17185,1669738307,-133,1669738307
13339276,130,11-26-2022,-123,6612,1669523511,1669523511,26,Southbound Mackenzie St @ W 37 Ave,49.238254,-123.170377,1669523388,-123,1669523388
13276128,55,12-08-2022,-138,6612,1670516040,1670516040,23,Eastbound W 16 Ave @ Carnarvon St,49.257583,-123.17185,1670515902,-138,1670515902
13276125,128,11-23-2022,-118,6612,1669217342,1669217342,25,Southbound Mackenzie St @ W 33 Ave,49.241997,-123.170345,1669217224,-118,1669217224
13276128,55,11-25-2022,-126,6612,1669392840,1669392840,23,Eastbound W 16 Ave @ Carnarvon St,49.257583,-123.17185,1669392714,-126,1669392714
13276117,46,12-08-2022,-440,6612,1670515056,1670515056,4,Southbound Burrard St @ Barclay St,49.282068,-123.12488,1670514616,-440,1670514616
13276128,55,11-23-2022,-114,6612,1669220040,1669220040,23,Eastbound W 16 Ave @ Carnarvon St,49.257583,-123.17185,1669219926,-114,1669219926
13276138,299,12-07-2022,-142,6612,1670485094,1670485094,29,Westbound W 41 Ave @ Blenheim St,49.234831,-123.179103,1670484952,-142,1670484952
13276138,299,11-22-2022,-146,6612,1669189094,1669189094,29,Westbound W 41 Ave @ Blenheim St,49.234831,-123.179103,1669188948,-146,1669188948
13276217,105,11-30-2022,-153,6612,1669855392,1669855392,11,Westbound Cornwall Ave @ Point Grey Rd,49.272731,-123.160216,1669855239,-153,1669855239
13276217,105,11-30-2022,-153,6612,1669855392,1669855392,11,Westbound Cornwall Ave @ Point Grey Rd,49.272731,-123.160216,1669855239,-153,1669855239
13276128,55,11-28-2022,-134,6612,1669652040,1669652040,23,Eastbound W 16 Ave @ Carnarvon St,49.257583,-123.17185,1669651906,-134,1669651906
13276125,128,11-29-2022,-164,6612,1669735741,1669735741,25,Southbound Mackenzie St @ W 33 Ave,49.241997,-123.170345,1669735577,-164,1669735577
13276221,1379,11-30-2022,-120,6612,1669859392,1669859392,14,Southbound Macdonald St @ W 4th Ave,49.268064,-123.168411,1669859272,-120,1669859272
13276161,119,12-06-2022,-169,6612,1670363028,1670363028,20,Southbound Macdonald St @ W 21 Ave,49.253375,-123.16787,1670362859,-169,1670362859
13276138,299,12-05-2022,-155,6612,1670312294,1670312294,29,Westbound W 41 Ave @ Blenheim St,49.234831,-123.179103,1670312139,-155,1670312139
13276138,299,12-01-2022,-134,6612,1669966694,1669966694,29,Westbound W 41 Ave @ Blenheim St,49.234831,-123.179103,1669966560,-134,1669966560
13276138,299,11-23-2022,-112,6612,1669275494,1669275494,29,Westbound W 41 Ave @ Blenheim St,49.234831,-123.179103,1669275382,-112,1669275382
13276230,8535,11-22-2022,-3502,6612,1669178001,1669178001,2,Burrard Station @ Bay 1,49.285306,-123.119982,1669174499,-3502,1669174499
13276135,116,12-07-2022,-150,6612,1670457906,1670457906,21,Westbound W 16 Ave @ Balaclava St,49.257904,-123.17458,1670457756,-150,1670457756
13276161,119,11-28-2022,-118,6612,1669671828,1669671828,20,Southbound Macdonald St @ W 21 Ave,49.253375,-123.16787,1669671710,-118,1669671710
13276138,299,12-02-2022,-132,6612,1670053094,1670053094,29,Westbound W 41 Ave @ Blenheim St,49.234831,-123.179103,1670052962,-132,1670052962
13276145,128,11-29-2022,-136,6612,1669774445,1669774445,25,Southbound Mackenzie St @ W 33 Ave,49.241997,-123.170345,1669774309,-136,1669774309
13276128,55,12-02-2022,-161,6612,1669997640,1669997640,23,Eastbound W 16 Ave @ Carnarvon St,49.257583,-123.17185,1669997479,-161,1669997479
13276233,107,12-05-2022,-141,6612,1670295255,1670295255,13,Southbound Macdonald St @ W 1st Ave,49.270753,-123.168323,1670295114,-141,1670295114
13276598,54,11-27-2022,-120,6612,1669575598,1669575598,22,Eastbound W 16 Ave @ Trutch St,49.257636,-123.175459,1669575478,-120,1669575478
13276221,1379,11-29-2022,-112,6612,1669772992,1669772992,14,Southbound Macdonald St @ W 4th Ave,49.268064,-123.168411,1669772880,-112,1669772880
13276135,116,12-06-2022,-140,6612,1670371506,1670371506,21,Westbound W 16 Ave @ Balaclava St,49.257904,-123.17458,1670371366,-140,1670371366
13276141,646,11-29-2022,-167,6612,1669712520,1669712520,31,Dunbar Loop @ Bay 2,49.234593,-123.18575,1669712353,-167,1669712353
13276659,130,12-05-2022,-130,6612,1670232119,1670232119,26,Southbound Mackenzie St @ W 37 Ave,49.238254,-123.170377,1670231989,-130,1670231989
13276141,646,12-08-2022,-134,6612,1670490120,1670490120,31,Dunbar Loop @ Bay 2,49.234593,-123.18575,1670489986,-134,1670489986
13276143,124,11-29-2022,-124,6612,1669715601,1669715601,23,Southbound Quesnel Dr @ W King Edward Ave,49.249603,-123.171914,1669715477,-124,1669715477
13276180,107,11-30-2022,-115,6612,1669846095,1669846095,13,Southbound Macdonald St @ W 1st Ave,49.270753,-123.168323,1669845980,-115,1669845980
13276151,12671,12-02-2022,-120,6612,1670001839,1670001839,28,Westbound W 41 Ave @ Carnarvon St,49.234826,-123.174148,1670001719,-120,1670001719
13276143,124,12-06-2022,-129,6612,1670320401,1670320401,23,Southbound Quesnel Dr @ W King Edward Ave,49.249603,-123.171914,1670320272,-129,1670320272
13276141,646,12-07-2022,-160,6612,1670403720,1670403720,31,Dunbar Loop @ Bay 2,49.234593,-123.18575,1670403560,-160,1670403560
13276117,12494,12-08-2022,-377,6612,1670515197,1670515197,7,Southbound Burrard St @ Harwood St,49.277837,-123.131265,1670514820,-377,1670514820
13276151,12671,11-25-2022,-189,6612,1669397039,1669397039,28,Westbound W 41 Ave @ Carnarvon St,49.234826,-123.174148,1669396850,-189,1669396850
13276141,646,12-01-2022,-175,6612,1669885320,1669885320,31,Dunbar Loop @ Bay 2,49.234593,-123.18575,1669885145,-175,1669885145
13276659,130,11-28-2022,-118,6612,1669627319,1669627319,26,Southbound Mackenzie St @ W 37 Ave,49.238254,-123.170377,1669627201,-118,1669627201
13276184,1379,12-06-2022,-121,6612,1670367260,1670367260,14,Southbound Macdonald St @ W 4th Ave,49.268064,-123.168411,1670367139,-121,1670367139
13276207,110,12-07-2022,-114,6612,1670445111,1670445111,16,Southbound Macdonald St @ W Broadway,49.264268,-123.168373,1670444997,-114,1670444997
13276148,98,11-30-2022,-420,6612,1669854106,1669854106,6,Southbound Burrard St @ Davie St,49.278914,-123.12964,1669853686,-420,1669853686
13276207,110,11-28-2022,-132,6612,1669667511,1669667511,16,Southbound Macdonald St @ W Broadway,49.264268,-123.168373,1669667379,-132,1669667379
13276141,646,12-06-2022,-125,6612,1670317320,1670317320,31,Dunbar Loop @ Bay 2,49.234593,-123.18575,1670317195,-125,1670317195
13276180,107,11-23-2022,-132,6612,1669241295,1669241295,13,Southbound Macdonald St @ W 1st Ave,49.270753,-123.168323,1669241163,-132,1669241163
13276184,1379,12-02-2022,-112,6612,1670021660,1670021660,14,Southbound Macdonald St @ W 4th Ave,49.268064,-123.168411,1670021548,-112,1670021548
13276218,1379,12-06-2022,-121,6612,1670374829,1670374829,14,Southbound Macdonald St @ W 4th Ave,49.268064,-123.168411,1670374708,-121,1670374708
13276211,47,11-24-2022,-144,6612,1669324582,1669324582,5,Southbound Burrard St @ Nelson St,49.280981,-123.126516,1669324438,-144,1669324438
13276211,47,11-24-2022,-144,6612,1669324582,1669324582,5,Southbound Burrard St @ Nelson St,49.280981,-123.126516,1669324438,-144,1669324438
13276235,54,11-22-2022,-3869,6612,1669175695,1669175695,22,Eastbound W 16 Ave @ Trutch St,49.257636,-123.175459,1669171826,-3869,1669171826
13276230,106,11-22-2022,-3223,6612,1669178601,1669178601,12,Westbound Cornwall Ave @ Trafalgar St,49.272799,-123.164636,1669175378,-3223,1669175378
13276221,115,12-08-2022,-143,6612,1670550938,1670550938,20,Westbound W 16 Ave @ Mackenzie St,49.257839,-123.170777,1670550795,-143,1670550795
13276157,12671,11-25-2022,-132,6612,1669405799,1669405799,28,Westbound W 41 Ave @ Carnarvon St,49.234826,-123.174148,1669405667,-132,1669405667
13276218,1379,12-05-2022,-146,6612,1670288429,1670288429,14,Southbound Macdonald St @ W 4th Ave,49.268064,-123.168411,1670288283,-146,1670288283
13276221,115,11-29-2022,-122,6612,1669773338,1669773338,20,Westbound W 16 Ave @ Mackenzie St,49.257839,-123.170777,1669773216,-122,1669773216
13276235,54,11-23-2022,-149,6612,1669262095,1669262095,22,Eastbound W 16 Ave @ Trutch St,49.257636,-123.175459,1669261946,-149,1669261946
13276235,54,11-28-2022,-129,6612,1669694095,1669694095,22,Eastbound W 16 Ave @ Trutch St,49.257636,-123.175459,1669693966,-129,1669693966
13276206,114,12-06-2022,-113,6612,1670354079,1670354079,19,Westbound W 16 Ave @ Macdonald St,49.257816,-123.168896,1670353966,-113,1670353966
13276244,646,12-01-2022,-112,6612,1669965000,1669965000,31,Dunbar Loop @ Bay 2,49.234593,-123.18575,1669964888,-112,1669964888
13276221,115,11-30-2022,-122,6612,1669859738,1669859738,20,Westbound W 16 Ave @ Mackenzie St,49.257839,-123.170777,1669859616,-122,1669859616
13276379,126,12-04-2022,-162,6612,1670143577,1670143577,24,Southbound Mackenzie St @ W 29 Ave,49.245848,-123.170308,1670143415,-162,1670143415
13276221,115,12-02-2022,-131,6612,1670032538,1670032538,20,Westbound W 16 Ave @ Mackenzie St,49.257839,-123.170777,1670032407,-131,1670032407
13339257,121,11-26-2022,-156,6612,1669501804,1669501804,21,Southbound Macdonald St @ Alamein Ave,49.249858,-123.167913,1669501648,-156,1669501648
13276654,54,11-28-2022,-129,6612,1669628047,1669628047,22,Eastbound W 16 Ave @ Trutch St,49.257636,-123.175459,1669627918,-129,1669627918
13276381,128,12-04-2022,-169,6612,1670145444,1670145444,25,Southbound Mackenzie St @ W 33 Ave,49.241997,-123.170345,1670145275,-169,1670145275
13276235,54,12-01-2022,-127,6612,1669953295,1669953295,22,Eastbound W 16 Ave @ Trutch St,49.257636,-123.175459,1669953168,-127,1669953168
13276206,114,11-29-2022,-119,6612,1669749279,1669749279,19,Westbound W 16 Ave @ Macdonald St,49.257816,-123.168896,1669749160,-119,1669749160
13276654,54,12-05-2022,-131,6612,1670232847,1670232847,22,Eastbound W 16 Ave @ Trutch St,49.257636,-123.175459,1670232716,-131,1670232716
13276188,1379,11-30-2022,-797,6612,1669826613,1669826613,14,Southbound Macdonald St @ W 4th Ave,49.268064,-123.168411,1669825816,-797,1669825816
13276188,1379,11-30-2022,-797,6612,1669826613,1669826613,14,Southbound Macdonald St @ W 4th Ave,49.268064,-123.168411,1669825816,-797,1669825816
13276188,1379,11-30-2022,-797,6612,1669826613,1669826613,14,Southbound Macdonald St @ W 4th Ave,49.268064,-123.168411,1669825816,-797,1669825816
13276188,1379,11-30-2022,-797,6612,1669826613,1669826613,14,Southbound Macdonald St @ W 4th Ave,49.268064,-123.168411,1669825816,-797,1669825816
13276221,115,12-06-2022,-149,6612,1670378138,1670378138,20,Westbound W 16 Ave @ Mackenzie St,49.257839,-123.170777,1670377989,-149,1670377989
13276244,646,12-07-2022,-121,6612,1670483400,1670483400,31,Dunbar Loop @ Bay 2,49.234593,-123.18575,1670483279,-121,1670483279
13276221,115,12-01-2022,-123,6612,1669946138,1669946138,20,Westbound W 16 Ave @ Mackenzie St,49.257839,-123.170777,1669946015,-123,1669946015
13276132,116,12-06-2022,-121,6612,1670370011,1670370011,21,Westbound W 16 Ave @ Balaclava St,49.257904,-123.17458,1670369890,-121,1670369890
13276191,300,11-25-2022,-603,6612,1669440534,1669440534,30,Westbound W 41 Ave @ Collingwood St,49.234836,-123.182546,1669439931,-603,1669439931
13276191,300,11-25-2022,-603,6612,1669440534,1669440534,30,Westbound W 41 Ave @ Collingwood St,49.234836,-123.182546,1669439931,-603,1669439931
13276186,111,11-28-2022,-150,6612,1669675310,1669675310,17,Southbound Macdonald St @ W 11 Ave,49.261885,-123.16835,1669675160,-150,1669675160
13276234,1379,12-01-2022,-112,6612,1669950680,1669950680,14,Southbound Macdonald St @ W 4th Ave,49.268064,-123.168411,1669950568,-112,1669950568
13276210,300,12-01-2022,-148,6612,1669930545,1669930545,30,Westbound W 41 Ave @ Collingwood St,49.234836,-123.182546,1669930397,-148,1669930397
13276197,121,12-05-2022,-253,6612,1670264545,1670264545,21,Southbound Macdonald St @ Alamein Ave,49.249858,-123.167913,1670264292,-253,1670264292
13276418,300,11-27-2022,-219,6612,1669543314,1669543314,30,Westbound W 41 Ave @ Collingwood St,49.234836,-123.182546,1669543095,-219,1669543095
13276127,107,12-02-2022,-4258,6612,1669996234,1669996234,13,Southbound Macdonald St @ W 1st Ave,49.270753,-123.168323,1669991976,-4258,1669991976
13276210,300,12-05-2022,-137,6612,1670276145,1670276145,30,Westbound W 41 Ave @ Collingwood St,49.234836,-123.182546,1670276008,-137,1670276008
13276210,300,12-02-2022,-112,6612,1670016945,1670016945,30,Westbound W 41 Ave @ Collingwood St,49.234836,-123.182546,1670016833,-112,1670016833
13276127,107,12-07-2022,-135,6612,1670428234,1670428234,13,Southbound Macdonald St @ W 1st Ave,49.270753,-123.168323,1670428099,-135,1670428099
13276381,123,12-04-2022,-122,6612,1670145272,1670145272,22,Westbound W King Edward Ave @ Puget Dr,49.249627,-123.170432,1670145150,-122,1670145150
13276210,300,12-06-2022,-129,6612,1670362545,1670362545,30,Westbound W 41 Ave @ Collingwood St,49.234836,-123.182546,1670362416,-129,1670362416
13276210,300,11-29-2022,-144,6612,1669757745,1669757745,30,Westbound W 41 Ave @ Collingwood St,49.234836,-123.182546,1669757601,-144,1669757601
13276140,296,12-08-2022,-140,6612,1670488184,1670488184,27,Westbound W 41 Ave @ Mackenzie St,49.234819,-123.170795,1670488044,-140,1670488044
13276140,296,11-29-2022,-114,6612,1669710584,1669710584,27,Westbound W 41 Ave @ Mackenzie St,49.234819,-123.170795,1669710470,-114,1669710470
13276234,1379,12-07-2022,-373,6612,1670469080,1670469080,14,Southbound Macdonald St @ W 4th Ave,49.268064,-123.168411,1670468707,-373,1670468707
13276210,300,11-28-2022,-137,6612,1669671345,1669671345,30,Westbound W 41 Ave @ Collingwood St,49.234836,-123.182546,1669671208,-137,1669671208
13276225,116,11-30-2022,-117,6612,1669850891,1669850891,21,Westbound W 16 Ave @ Balaclava St,49.257904,-123.17458,1669850774,-117,1669850774
13276418,300,12-04-2022,-273,6612,1670148114,1670148114,30,Westbound W 41 Ave @ Collingwood St,49.234836,-123.182546,1670147841,-273,1670147841
13276168,46,11-30-2022,-352,6612,1669865098,1669865098,4,Southbound Burrard St @ Barclay St,49.282068,-123.12488,1669864746,-352,1669864746
13276225,116,11-23-2022,-147,6612,1669246091,1669246091,21,Westbound W 16 Ave @ Balaclava St,49.257904,-123.17458,1669245944,-147,1669245944
13276127,107,11-25-2022,-120,6612,1669391434,1669391434,13,Southbound Macdonald St @ W 1st Ave,49.270753,-123.168323,1669391314,-120,1669391314
13276210,300,11-23-2022,-132,6612,1669239345,1669239345,30,Westbound W 41 Ave @ Collingwood St,49.234836,-123.182546,1669239213,-132,1669239213
13276205,109,12-06-2022,-113,6612,1670357914,1670357914,15,Southbound Macdonald St @ W 6th Ave,49.266274,-123.168483,1670357801,-113,1670357801
13276205,109,12-06-2022,-113,6612,1670357914,1670357914,15,Southbound Macdonald St @ W 6th Ave,49.266274,-123.168483,1670357801,-113,1670357801
13276234,1379,11-22-2022,-309,6612,1669173080,1669173080,14,Southbound Macdonald St @ W 4th Ave,49.268064,-123.168411,1669172771,-309,1669172771
13276234,1379,11-23-2022,-138,6612,1669259480,1669259480,14,Southbound Macdonald St @ W 4th Ave,49.268064,-123.168411,1669259342,-138,1669259342
13276598,55,11-27-2022,-120,6612,1669575660,1669575660,23,Eastbound W 16 Ave @ Carnarvon St,49.257583,-123.17185,1669575540,-120,1669575540
13276138,12671,11-24-2022,-114,6612,1669361836,1669361836,28,Westbound W 41 Ave @ Carnarvon St,49.234826,-123.174148,1669361722,-114,1669361722
13276138,12671,11-24-2022,-114,6612,1669361836,1669361836,28,Westbound W 41 Ave @ Carnarvon St,49.234826,-123.174148,1669361722,-114,1669361722
13276173,54,11-22-2022,-121,6612,1669176895,1669176895,22,Eastbound W 16 Ave @ Trutch St,49.257636,-123.175459,1669176774,-121,1669176774
13276215,114,11-24-2022,-148,6612,1669336050,1669336050,19,Westbound W 16 Ave @ Macdonald St,49.257816,-123.168896,1669335902,-148,1669335902
13276138,12671,11-23-2022,-137,6612,1669275436,1669275436,28,Westbound W 41 Ave @ Carnarvon St,49.234826,-123.174148,1669275299,-137,1669275299
13276173,54,12-07-2022,-3481,6612,1670472895,1670472895,22,Eastbound W 16 Ave @ Trutch St,49.257636,-123.175459,1670469414,-3481,1670469414
13276234,114,11-30-2022,-131,6612,1669864539,1669864539,19,Westbound W 16 Ave @ Macdonald St,49.257816,-123.168896,1669864408,-131,1669864408
13276138,12671,12-06-2022,-118,6612,1670398636,1670398636,28,Westbound W 41 Ave @ Carnarvon St,49.234826,-123.174148,1670398518,-118,1670398518
13276191,296,11-25-2022,-570,6612,1669440397,1669440397,27,Westbound W 41 Ave @ Mackenzie St,49.234819,-123.170795,1669439827,-570,1669439827
13276191,296,11-25-2022,-570,6612,1669440397,1669440397,27,Westbound W 41 Ave @ Mackenzie St,49.234819,-123.170795,1669439827,-570,1669439827
13276173,54,12-06-2022,-245,6612,1670386495,1670386495,22,Eastbound W 16 Ave @ Trutch St,49.257636,-123.175459,1670386250,-245,1670386250
13276234,114,11-22-2022,-329,6612,1669173339,1669173339,19,Westbound W 16 Ave @ Macdonald St,49.257816,-123.168896,1669173010,-329,1669173010
13276173,54,11-28-2022,-200,6612,1669695295,1669695295,22,Eastbound W 16 Ave @ Trutch St,49.257636,-123.175459,1669695095,-200,1669695095
13276238,646,11-29-2022,-144,6612,1669783800,1669783800,31,Dunbar Loop @ Bay 2,49.234593,-123.18575,1669783656,-144,1669783656
13276138,12671,12-01-2022,-120,6612,1669966636,1669966636,28,Westbound W 41 Ave @ Carnarvon St,49.234826,-123.174148,1669966516,-120,1669966516
13276139,47,11-28-2022,-764,6612,1669707188,1669707188,5,Southbound Burrard St @ Nelson St,49.280981,-123.126516,1669706424,-764,1669706424
13276139,47,11-28-2022,-764,6612,1669707188,1669707188,5,Southbound Burrard St @ Nelson St,49.280981,-123.126516,1669706424,-764,1669706424
13276139,47,11-28-2022,-764,6612,1669707188,1669707188,5,Southbound Burrard St @ Nelson St,49.280981,-123.126516,1669706424,-764,1669706424
13276138,12671,12-05-2022,-127,6612,1670312236,1670312236,28,Westbound W 41 Ave @ Carnarvon St,49.234826,-123.174148,1670312109,-127,1670312109
13276138,12671,12-07-2022,-115,6612,1670485036,1670485036,28,Westbound W 41 Ave @ Carnarvon St,49.234826,-123.174148,1670484921,-115,1670484921
13276215,114,11-29-2022,-309,6612,1669768050,1669768050,19,Westbound W 16 Ave @ Macdonald St,49.257816,-123.168896,1669767741,-309,1669767741
13276215,114,12-06-2022,-118,6612,1670372850,1670372850,19,Westbound W 16 Ave @ Macdonald St,49.257816,-123.168896,1670372732,-118,1670372732
13276173,54,11-25-2022,-112,6612,1669436095,1669436095,22,Eastbound W 16 Ave @ Trutch St,49.257636,-123.175459,1669435983,-112,1669435983
13276234,114,12-07-2022,-391,6612,1670469339,1670469339,19,Westbound W 16 Ave @ Macdonald St,49.257816,-123.168896,1670468948,-391,1670468948
13339256,299,11-26-2022,-155,6612,1669501242,1669501242,29,Westbound W 41 Ave @ Blenheim St,49.234831,-123.179103,1669501087,-155,1669501087
13276215,114,12-05-2022,-131,6612,1670286450,1670286450,19,Westbound W 16 Ave @ Macdonald St,49.257816,-123.168896,1670286319,-131,1670286319
13276234,114,12-01-2022,-142,6612,1669950939,1669950939,19,Westbound W 16 Ave @ Macdonald St,49.257816,-123.168896,1669950797,-142,1669950797
13339256,299,12-03-2022,-117,6612,1670106042,1670106042,29,Westbound W 41 Ave @ Blenheim St,49.234831,-123.179103,1670105925,-117,1670105925
13276234,114,11-23-2022,-113,6612,1669259739,1669259739,19,Westbound W 16 Ave @ Macdonald St,49.257816,-123.168896,1669259626,-113,1669259626
13276138,12671,11-22-2022,-120,6612,1669189036,1669189036,28,Westbound W 41 Ave @ Carnarvon St,49.234826,-123.174148,1669188916,-120,1669188916
13276377,126,12-04-2022,-116,6612,1670141777,1670141777,24,Southbound Mackenzie St @ W 29 Ave,49.245848,-123.170308,1670141661,-116,1670141661
13276179,12671,12-01-2022,-183,6612,1669949983,1669949983,28,Westbound W 41 Ave @ Carnarvon St,49.234826,-123.174148,1669949800,-183,1669949800
13276179,12671,11-25-2022,-111,6612,1669431583,1669431583,28,Westbound W 41 Ave @ Carnarvon St,49.234826,-123.174148,1669431472,-111,1669431472
13339269,300,11-26-2022,-128,6612,1669516725,1669516725,30,Westbound W 41 Ave @ Collingwood St,49.234836,-123.182546,1669516597,-128,1669516597
13276179,12671,12-05-2022,-194,6612,1670295583,1670295583,28,Westbound W 41 Ave @ Carnarvon St,49.234826,-123.174148,1670295389,-194,1670295389
13276127,103,12-02-2022,-4138,6612,1669995972,1669995972,9,Westbound Cornwall Ave @ Arbutus St,49.272608,-123.152989,1669991834,-4138,1669991834
13276215,111,12-05-2022,-121,6612,1670286337,1670286337,17,Southbound Macdonald St @ W 11 Ave,49.261885,-123.16835,1670286216,-121,1670286216
13276215,111,11-29-2022,-298,6612,1669767937,1669767937,17,Southbound Macdonald St @ W 11 Ave,49.261885,-123.16835,1669767639,-298,1669767639
13276412,130,11-26-2022,-131,6612,1669481858,1669481858,26,Southbound Mackenzie St @ W 37 Ave,49.238254,-123.170377,1669481727,-131,1669481727
13276179,12671,12-02-2022,-149,6612,1670036383,1670036383,28,Westbound W 41 Ave @ Carnarvon St,49.234826,-123.174148,1670036234,-149,1670036234
13276179,12671,12-06-2022,-168,6612,1670381983,1670381983,28,Westbound W 41 Ave @ Carnarvon St,49.234826,-123.174148,1670381815,-168,1670381815
13276179,12671,11-22-2022,-125,6612,1669172384,1669172384,28,Westbound W 41 Ave @ Carnarvon St,49.234826,-123.174148,1669172259,-125,1669172259
13276179,12671,12-08-2022,-115,6612,1670554783,1670554783,28,Westbound W 41 Ave @ Carnarvon St,49.234826,-123.174148,1670554668,-115,1670554668
13276226,646,11-28-2022,-116,6612,1669690080,1669690080,31,Dunbar Loop @ Bay 2,49.234593,-123.18575,1669689964,-116,1669689964
13276226,646,12-05-2022,-169,6612,1670294880,1670294880,31,Dunbar Loop @ Bay 2,49.234593,-123.18575,1670294711,-169,1670294711
13276179,12671,11-30-2022,-116,6612,1669863583,1669863583,28,Westbound W 41 Ave @ Carnarvon St,49.234826,-123.174148,1669863467,-116,1669863467
13339362,124,12-04-2022,-140,6612,1670216757,1670216757,23,Southbound Quesnel Dr @ W King Edward Ave,49.249603,-123.171914,1670216617,-140,1670216617
13276215,111,12-06-2022,-157,6612,1670372737,1670372737,17,Southbound Macdonald St @ W 11 Ave,49.261885,-123.16835,1670372580,-157,1670372580
13276205,126,12-06-2022,-224,6612,1670358471,1670358471,24,Southbound Mackenzie St @ W 29 Ave,49.245848,-123.170308,1670358247,-224,1670358247
13276205,126,12-06-2022,-224,6612,1670358471,1670358471,24,Southbound Mackenzie St @ W 29 Ave,49.245848,-123.170308,1670358247,-224,1670358247
13276244,300,12-07-2022,-121,6612,1670483334,1670483334,30,Westbound W 41 Ave @ Collingwood St,49.234836,-123.182546,1670483213,-121,1670483213
13276179,123,12-01-2022,-122,6612,1669949564,1669949564,22,Westbound W King Edward Ave @ Puget Dr,49.249627,-123.170432,1669949442,-122,1669949442
13276244,300,12-01-2022,-112,6612,1669964934,1669964934,30,Westbound W 41 Ave @ Collingwood St,49.234836,-123.182546,1669964822,-112,1669964822
13276179,123,12-02-2022,-132,6612,1670035964,1670035964,22,Westbound W King Edward Ave @ Puget Dr,49.249627,-123.170432,1670035832,-132,1670035832
13276234,103,12-07-2022,-281,6612,1670468742,1670468742,9,Westbound Cornwall Ave @ Arbutus St,49.272608,-123.152989,1670468461,-281,1670468461
13276131,112,12-01-2022,-133,6612,1669913131,1669913131,18,Southbound Macdonald St @ W 13 Ave,49.260226,-123.168421,1669912998,-133,1669912998
13276656,12671,11-28-2022,-133,6612,1669624535,1669624535,28,Westbound W 41 Ave @ Carnarvon St,49.234826,-123.174148,1669624402,-133,1669624402
13276131,112,12-07-2022,-152,6612,1670431531,1670431531,18,Southbound Macdonald St @ W 13 Ave,49.260226,-123.168421,1670431379,-152,1670431379
13276234,103,11-22-2022,-212,6612,1669172742,1669172742,9,Westbound Cornwall Ave @ Arbutus St,49.272608,-123.152989,1669172530,-212,1669172530
13276227,1379,11-28-2022,-115,6612,1669708867,1669708867,14,Southbound Macdonald St @ W 4th Ave,49.268064,-123.168411,1669708752,-115,1669708752
13276164,130,11-30-2022,-124,6612,1669856607,1669856607,26,Southbound Mackenzie St @ W 37 Ave,49.238254,-123.170377,1669856483,-124,1669856483
13276191,110,11-25-2022,-435,6612,1669439772,1669439772,16,Southbound Macdonald St @ W Broadway,49.264268,-123.168373,1669439337,-435,1669439337
13276191,110,11-25-2022,-435,6612,1669439772,1669439772,16,Southbound Macdonald St @ W Broadway,49.264268,-123.168373,1669439337,-435,1669439337
13276115,299,11-30-2022,-120,6612,1669849314,1669849314,29,Westbound W 41 Ave @ Blenheim St,49.234831,-123.179103,1669849194,-120,1669849194
13339357,12671,11-27-2022,-119,6612,1669605523,1669605523,28,Westbound W 41 Ave @ Carnarvon St,49.234826,-123.174148,1669605404,-119,1669605404
13276164,130,11-23-2022,-116,6612,1669251807,1669251807,26,Southbound Mackenzie St @ W 37 Ave,49.238254,-123.170377,1669251691,-116,1669251691
13276115,299,11-28-2022,-117,6612,1669676514,1669676514,29,Westbound W 41 Ave @ Blenheim St,49.234831,-123.179103,1669676397,-117,1669676397
13276164,130,12-06-2022,-132,6612,1670375007,1670375007,26,Southbound Mackenzie St @ W 37 Ave,49.238254,-123.170377,1670374875,-132,1670374875
13276115,299,11-23-2022,-147,6612,1669244514,1669244514,29,Westbound W 41 Ave @ Blenheim St,49.234831,-123.179103,1669244367,-147,1669244367
13276379,130,12-04-2022,-131,6612,1670143709,1670143709,26,Southbound Mackenzie St @ W 37 Ave,49.238254,-123.170377,1670143578,-131,1670143578
13276189,300,12-01-2022,-191,6612,1669928082,1669928082,30,Westbound W 41 Ave @ Collingwood St,49.234836,-123.182546,1669927891,-191,1669927891
13276128,1379,12-02-2022,-134,6612,1669997197,1669997197,14,Southbound Macdonald St @ W 4th Ave,49.268064,-123.168411,1669997063,-134,1669997063
13276189,300,11-24-2022,-116,6612,1669323283,1669323283,30,Westbound W 41 Ave @ Collingwood St,49.234836,-123.182546,1669323167,-116,1669323167
13276363,116,12-03-2022,-153,6612,1670101094,1670101094,21,Westbound W 16 Ave @ Balaclava St,49.257904,-123.17458,1670100941,-153,1670100941
13276189,300,12-08-2022,-126,6612,1670532882,1670532882,30,Westbound W 41 Ave @ Collingwood St,49.234836,-123.182546,1670532756,-126,1670532756
13276184,55,12-02-2022,-129,6612,1670022120,1670022120,23,Eastbound W 16 Ave @ Carnarvon St,49.257583,-123.17185,1670021991,-129,1670021991
13276148,110,11-30-2022,-420,6612,1669854996,1669854996,16,Southbound Macdonald St @ W Broadway,49.264268,-123.168373,1669854576,-420,1669854576
13276189,300,11-23-2022,-115,6612,1669236883,1669236883,30,Westbound W 41 Ave @ Collingwood St,49.234836,-123.182546,1669236768,-115,1669236768
13276378,1379,12-04-2022,-143,6612,1670142287,1670142287,14,Southbound Macdonald St @ W 4th Ave,49.268064,-123.168411,1670142144,-143,1670142144
13276189,300,11-30-2022,-130,6612,1669841682,1669841682,30,Westbound W 41 Ave @ Collingwood St,49.234836,-123.182546,1669841552,-130,1669841552
13276184,55,12-06-2022,-158,6612,1670367720,1670367720,23,Eastbound W 16 Ave @ Carnarvon St,49.257583,-123.17185,1670367562,-158,1670367562
13276128,1379,11-29-2022,-115,6612,1669737997,1669737997,14,Southbound Macdonald St @ W 4th Ave,49.268064,-123.168411,1669737882,-115,1669737882
13276189,300,12-07-2022,-125,6612,1670446482,1670446482,30,Westbound W 41 Ave @ Collingwood St,49.234836,-123.182546,1670446357,-125,1670446357
13276184,55,12-07-2022,-175,6612,1670454120,1670454120,23,Eastbound W 16 Ave @ Carnarvon St,49.257583,-123.17185,1670453945,-175,1670453945
13276184,55,12-07-2022,-175,6612,1670454120,1670454120,23,Eastbound W 16 Ave @ Carnarvon St,49.257583,-123.17185,1670453945,-175,1670453945
13276128,110,12-02-2022,-128,6612,1669997285,1669997285,16,Southbound Macdonald St @ W Broadway,49.264268,-123.168373,1669997157,-128,1669997157
13276219,110,11-30-2022,-136,6612,1669858014,1669858014,16,Southbound Macdonald St @ W Broadway,49.264268,-123.168373,1669857878,-136,1669857878
13276139,130,11-22-2022,-140,6612,1669190009,1669190009,26,Southbound Mackenzie St @ W 37 Ave,49.238254,-123.170377,1669189869,-140,1669189869
13276239,126,12-02-2022,-117,6612,1670045597,1670045597,24,Southbound Mackenzie St @ W 29 Ave,49.245848,-123.170308,1670045480,-117,1670045480
13276211,54,12-07-2022,-122,6612,1670449011,1670449011,22,Eastbound W 16 Ave @ Trutch St,49.257636,-123.175459,1670448889,-122,1670448889
13276191,128,11-25-2022,-554,6612,1669440264,1669440264,25,Southbound Mackenzie St @ W 33 Ave,49.241997,-123.170345,1669439710,-554,1669439710
13276191,128,11-25-2022,-554,6612,1669440264,1669440264,25,Southbound Mackenzie St @ W 33 Ave,49.241997,-123.170345,1669439710,-554,1669439710
13276211,54,11-30-2022,-184,6612,1669844211,1669844211,22,Eastbound W 16 Ave @ Trutch St,49.257636,-123.175459,1669844027,-184,1669844027
13276139,130,11-28-2022,-180,6612,1669708409,1669708409,26,Southbound Mackenzie St @ W 37 Ave,49.238254,-123.170377,1669708229,-180,1669708229
13276182,300,11-30-2022,-117,6612,1669850265,1669850265,30,Westbound W 41 Ave @ Collingwood St,49.234836,-123.182546,1669850148,-117,1669850148
13276170,55,12-02-2022,-321,6612,1670020320,1670020320,23,Eastbound W 16 Ave @ Carnarvon St,49.257583,-123.17185,1670019999,-321,1670019999
13276139,109,11-28-2022,-863,6612,1669707818,1669707818,15,Southbound Macdonald St @ W 6th Ave,49.266274,-123.168483,1669706955,-863,1669706955
13276139,109,11-28-2022,-863,6612,1669707818,1669707818,15,Southbound Macdonald St @ W 6th Ave,49.266274,-123.168483,1669706955,-863,1669706955
13276139,109,11-28-2022,-863,6612,1669707818,1669707818,15,Southbound Macdonald St @ W 6th Ave,49.266274,-123.168483,1669706955,-863,1669706955
13276211,54,12-08-2022,-121,6612,1670535411,1670535411,22,Eastbound W 16 Ave @ Trutch St,49.257636,-123.175459,1670535290,-121,1670535290
13276211,54,12-01-2022,-139,6612,1669930611,1669930611,22,Eastbound W 16 Ave @ Trutch St,49.257636,-123.175459,1669930472,-139,1669930472
13276211,54,12-05-2022,-117,6612,1670276211,1670276211,22,Eastbound W 16 Ave @ Trutch St,49.257636,-123.175459,1670276094,-117,1670276094
13276211,54,12-05-2022,-117,6612,1670276211,1670276211,22,Eastbound W 16 Ave @ Trutch St,49.257636,-123.175459,1670276094,-117,1670276094
13276211,54,12-05-2022,-117,6612,1670276211,1670276211,22,Eastbound W 16 Ave @ Trutch St,49.257636,-123.175459,1670276094,-117,1670276094
13276211,54,12-05-2022,-117,6612,1670276211,1670276211,22,Eastbound W 16 Ave @ Trutch St,49.257636,-123.175459,1670276094,-117,1670276094
13276381,646,12-04-2022,-199,6612,1670145780,1670145780,31,Dunbar Loop @ Bay 2,49.234593,-123.18575,1670145581,-199,1670145581
13276211,54,11-29-2022,-133,6612,1669757811,1669757811,22,Eastbound W 16 Ave @ Trutch St,49.257636,-123.175459,1669757678,-133,1669757678
13276139,130,11-25-2022,-122,6612,1669449209,1669449209,26,Southbound Mackenzie St @ W 37 Ave,49.238254,-123.170377,1669449087,-122,1669449087
13276170,55,11-30-2022,-151,6612,1669847520,1669847520,23,Eastbound W 16 Ave @ Carnarvon St,49.257583,-123.17185,1669847369,-151,1669847369
13276170,55,11-30-2022,-151,6612,1669847520,1669847520,23,Eastbound W 16 Ave @ Carnarvon St,49.257583,-123.17185,1669847369,-151,1669847369
13276139,130,11-23-2022,-138,6612,1669276409,1669276409,26,Southbound Mackenzie St @ W 37 Ave,49.238254,-123.170377,1669276271,-138,1669276271
13276211,54,12-06-2022,-113,6612,1670362611,1670362611,22,Eastbound W 16 Ave @ Trutch St,49.257636,-123.175459,1670362498,-113,1670362498
13276211,54,12-06-2022,-113,6612,1670362611,1670362611,22,Eastbound W 16 Ave @ Trutch St,49.257636,-123.175459,1670362498,-113,1670362498
13276211,54,12-06-2022,-113,6612,1670362611,1670362611,22,Eastbound W 16 Ave @ Trutch St,49.257636,-123.175459,1670362498,-113,1670362498
13276211,54,12-06-2022,-113,6612,1670362611,1670362611,22,Eastbound W 16 Ave @ Trutch St,49.257636,-123.175459,1670362498,-113,1670362498
13276219,110,11-28-2022,-150,6612,1669685214,1669685214,16,Southbound Macdonald St @ W Broadway,49.264268,-123.168373,1669685064,-150,1669685064
13276139,130,11-30-2022,-116,6612,1669881209,1669881209,26,Southbound Mackenzie St @ W 37 Ave,49.238254,-123.170377,1669881093,-116,1669881093
13276170,55,11-24-2022,-161,6612,1669329120,1669329120,23,Eastbound W 16 Ave @ Carnarvon St,49.257583,-123.17185,1669328959,-161,1669328959
13276197,101,12-05-2022,-186,6612,1670263863,1670263863,8,Westbound Cornwall Ave @ Cypress St,49.272539,-123.148302,1670263677,-186,1670263677
13276187,128,12-08-2022,-121,6612,1670550651,1670550651,25,Southbound Mackenzie St @ W 33 Ave,49.241997,-123.170345,1670550530,-121,1670550530
13276182,300,12-06-2022,-167,6612,1670368665,1670368665,30,Westbound W 41 Ave @ Collingwood St,49.234836,-123.182546,1670368498,-167,1670368498
13276211,54,11-24-2022,-351,6612,1669325811,1669325811,22,Eastbound W 16 Ave @ Trutch St,49.257636,-123.175459,1669325460,-351,1669325460
13276211,54,11-24-2022,-351,6612,1669325811,1669325811,22,Eastbound W 16 Ave @ Trutch St,49.257636,-123.175459,1669325460,-351,1669325460
13276139,130,11-24-2022,-131,6612,1669362809,1669362809,26,Southbound Mackenzie St @ W 37 Ave,49.238254,-123.170377,1669362678,-131,1669362678
13276139,130,12-06-2022,-119,6612,1670399609,1670399609,26,Southbound Mackenzie St @ W 37 Ave,49.238254,-123.170377,1670399490,-119,1670399490
13276147,646,11-24-2022,-176,6612,1669339260,1669339260,31,Dunbar Loop @ Bay 2,49.234593,-123.18575,1669339084,-176,1669339084
13276147,646,12-02-2022,-121,6612,1670030460,1670030460,31,Dunbar Loop @ Bay 2,49.234593,-123.18575,1670030339,-121,1670030339
13276153,55,12-02-2022,-123,6612,1670000400,1670000400,23,Eastbound W 16 Ave @ Carnarvon St,49.257583,-123.17185,1670000277,-123,1670000277
13276196,112,12-07-2022,-123,6612,1670433811,1670433811,18,Southbound Macdonald St @ W 13 Ave,49.260226,-123.168421,1670433688,-123,1670433688
13276196,112,12-01-2022,-115,6612,1669915411,1669915411,18,Southbound Macdonald St @ W 13 Ave,49.260226,-123.168421,1669915296,-115,1669915296
13276153,55,11-24-2022,-134,6612,1669309200,1669309200,23,Eastbound W 16 Ave @ Carnarvon St,49.257583,-123.17185,1669309066,-134,1669309066
13276196,115,12-07-2022,-129,6612,1670433909,1670433909,20,Westbound W 16 Ave @ Mackenzie St,49.257839,-123.170777,1670433780,-129,1670433780
13276196,112,12-06-2022,-132,6612,1670347411,1670347411,18,Southbound Macdonald St @ W 13 Ave,49.260226,-123.168421,1670347279,-132,1670347279
13276225,54,11-23-2022,-149,6612,1669246131,1669246131,22,Eastbound W 16 Ave @ Trutch St,49.257636,-123.175459,1669245982,-149,1669245982
13276196,115,11-25-2022,-135,6612,1669397109,1669397109,20,Westbound W 16 Ave @ Mackenzie St,49.257839,-123.170777,1669396974,-135,1669396974
13276235,107,11-23-2022,-166,6612,1669261674,1669261674,13,Southbound Macdonald St @ W 1st Ave,49.270753,-123.168323,1669261508,-166,1669261508
13339273,12671,11-26-2022,-120,6612,1669521343,1669521343,28,Westbound W 41 Ave @ Carnarvon St,49.234826,-123.174148,1669521223,-120,1669521223
13276225,103,11-30-2022,-124,6612,1669850202,1669850202,9,Westbound Cornwall Ave @ Arbutus St,49.272608,-123.152989,1669850078,-124,1669850078
13276139,106,11-28-2022,-846,6612,1669707681,1669707681,12,Westbound Cornwall Ave @ Trafalgar St,49.272799,-123.164636,1669706835,-846,1669706835
13276139,106,11-28-2022,-846,6612,1669707681,1669707681,12,Westbound Cornwall Ave @ Trafalgar St,49.272799,-123.164636,1669706835,-846,1669706835
13276139,106,11-28-2022,-846,6612,1669707681,1669707681,12,Westbound Cornwall Ave @ Trafalgar St,49.272799,-123.164636,1669706835,-846,1669706835
13276203,114,11-25-2022,-118,6612,1669406079,1669406079,19,Westbound W 16 Ave @ Macdonald St,49.257816,-123.168896,1669405961,-118,1669405961
13276151,130,12-02-2022,-136,6612,1670001721,1670001721,26,Southbound Mackenzie St @ W 37 Ave,49.238254,-123.170377,1670001585,-136,1670001585
13276599,116,12-04-2022,-140,6612,1670182874,1670182874,21,Westbound W 16 Ave @ Balaclava St,49.257904,-123.17458,1670182734,-140,1670182734
13276196,115,12-06-2022,-134,6612,1670347509,1670347509,20,Westbound W 16 Ave @ Mackenzie St,49.257839,-123.170777,1670347375,-134,1670347375
13276599,116,11-27-2022,-162,6612,1669578074,1669578074,21,Westbound W 16 Ave @ Balaclava St,49.257904,-123.17458,1669577912,-162,1669577912
13276235,107,11-22-2022,-3943,6612,1669175274,1669175274,13,Southbound Macdonald St @ W 1st Ave,49.270753,-123.168323,1669171331,-3943,1669171331
13276225,54,11-30-2022,-123,6612,1669850931,1669850931,22,Eastbound W 16 Ave @ Trutch St,49.257636,-123.175459,1669850808,-123,1669850808
13276196,115,12-01-2022,-114,6612,1669915509,1669915509,20,Westbound W 16 Ave @ Mackenzie St,49.257839,-123.170777,1669915395,-114,1669915395
13276153,55,11-25-2022,-127,6612,1669395600,1669395600,23,Eastbound W 16 Ave @ Carnarvon St,49.257583,-123.17185,1669395473,-127,1669395473
13276210,12671,12-02-2022,-144,6612,1670016821,1670016821,28,Westbound W 41 Ave @ Carnarvon St,49.234826,-123.174148,1670016677,-144,1670016677
13276203,114,11-28-2022,-113,6612,1669665279,1669665279,19,Westbound W 16 Ave @ Macdonald St,49.257816,-123.168896,1669665166,-113,1669665166
13276153,55,11-28-2022,-129,6612,1669654800,1669654800,23,Eastbound W 16 Ave @ Carnarvon St,49.257583,-123.17185,1669654671,-129,1669654671
13276196,112,11-25-2022,-132,6612,1669397011,1669397011,18,Southbound Macdonald St @ W 13 Ave,49.260226,-123.168421,1669396879,-132,1669396879
13276235,107,11-28-2022,-146,6612,1669693674,1669693674,13,Southbound Macdonald St @ W 1st Ave,49.270753,-123.168323,1669693528,-146,1669693528
13276196,115,11-28-2022,-133,6612,1669656309,1669656309,20,Westbound W 16 Ave @ Mackenzie St,49.257839,-123.170777,1669656176,-133,1669656176
13276203,114,11-23-2022,-114,6612,1669233279,1669233279,19,Westbound W 16 Ave @ Macdonald St,49.257816,-123.168896,1669233165,-114,1669233165
13276210,12671,11-23-2022,-149,6612,1669239221,1669239221,28,Westbound W 41 Ave @ Carnarvon St,49.234826,-123.174148,1669239072,-149,1669239072
13276153,55,12-05-2022,-119,6612,1670259600,1670259600,23,Eastbound W 16 Ave @ Carnarvon St,49.257583,-123.17185,1670259481,-119,1670259481
13276210,12671,11-29-2022,-131,6612,1669757621,1669757621,28,Westbound W 41 Ave @ Carnarvon St,49.234826,-123.174148,1669757490,-131,1669757490
13276196,112,11-28-2022,-133,6612,1669656211,1669656211,18,Southbound Macdonald St @ W 13 Ave,49.260226,-123.168421,1669656078,-133,1669656078
13276158,116,11-23-2022,-118,6612,1669252740,1669252740,21,Westbound W 16 Ave @ Balaclava St,49.257904,-123.17458,1669252622,-118,1669252622
13276179,128,12-05-2022,-140,6612,1670295373,1670295373,25,Southbound Mackenzie St @ W 33 Ave,49.241997,-123.170345,1670295233,-140,1670295233
13276234,110,11-22-2022,-302,6612,1669173171,1669173171,16,Southbound Macdonald St @ W Broadway,49.264268,-123.168373,1669172869,-302,1669172869
13276234,110,12-07-2022,-366,6612,1670469171,1670469171,16,Southbound Macdonald St @ W Broadway,49.264268,-123.168373,1670468805,-366,1670468805
13276216,646,12-05-2022,-127,6612,1670288160,1670288160,31,Dunbar Loop @ Bay 2,49.234593,-123.18575,1670288033,-127,1670288033
13276179,128,12-06-2022,-114,6612,1670381773,1670381773,25,Southbound Mackenzie St @ W 33 Ave,49.241997,-123.170345,1670381659,-114,1670381659
13276162,107,12-02-2022,-154,6612,1670015355,1670015355,13,Southbound Macdonald St @ W 1st Ave,49.270753,-123.168323,1670015201,-154,1670015201
13276246,54,12-02-2022,-115,6612,1670038553,1670038553,22,Eastbound W 16 Ave @ Trutch St,49.257636,-123.175459,1670038438,-115,1670038438
13276246,54,11-25-2022,-120,6612,1669433753,1669433753,22,Eastbound W 16 Ave @ Trutch St,49.257636,-123.175459,1669433633,-120,1669433633
13276246,54,11-25-2022,-120,6612,1669433753,1669433753,22,Eastbound W 16 Ave @ Trutch St,49.257636,-123.175459,1669433633,-120,1669433633
13276179,128,12-02-2022,-114,6612,1670036173,1670036173,25,Southbound Mackenzie St @ W 33 Ave,49.241997,-123.170345,1670036059,-114,1670036059
13276175,112,11-28-2022,-119,6612,1669680859,1669680859,18,Southbound Macdonald St @ W 13 Ave,49.260226,-123.168421,1669680740,-119,1669680740
13276121,126,11-29-2022,-145,6612,1669731677,1669731677,24,Southbound Mackenzie St @ W 29 Ave,49.245848,-123.170308,1669731532,-145,1669731532
13276246,54,12-01-2022,-157,6612,1669952153,1669952153,22,Eastbound W 16 Ave @ Trutch St,49.257636,-123.175459,1669951996,-157,1669951996
13276246,54,12-01-2022,-157,6612,1669952153,1669952153,22,Eastbound W 16 Ave @ Trutch St,49.257636,-123.175459,1669951996,-157,1669951996
13276246,54,12-01-2022,-157,6612,1669952153,1669952153,22,Eastbound W 16 Ave @ Trutch St,49.257636,-123.175459,1669951996,-157,1669951996
13276158,116,11-30-2022,-140,6612,1669857540,1669857540,21,Westbound W 16 Ave @ Balaclava St,49.257904,-123.17458,1669857400,-140,1669857400
13276179,128,12-01-2022,-128,6612,1669949773,1669949773,25,Southbound Mackenzie St @ W 33 Ave,49.241997,-123.170345,1669949645,-128,1669949645
13276230,112,11-22-2022,-3148,6612,1669178843,1669178843,18,Southbound Macdonald St @ W 13 Ave,49.260226,-123.168421,1669175695,-3148,1669175695
13276162,107,11-23-2022,-137,6612,1669237755,1669237755,13,Southbound Macdonald St @ W 1st Ave,49.270753,-123.168323,1669237618,-137,1669237618
13276234,110,11-23-2022,-129,6612,1669259571,1669259571,16,Southbound Macdonald St @ W Broadway,49.264268,-123.168373,1669259442,-129,1669259442
13276216,646,11-30-2022,-146,6612,1669856160,1669856160,31,Dunbar Loop @ Bay 2,49.234593,-123.18575,1669856014,-146,1669856014
13276158,116,12-02-2022,-113,6612,1670030340,1670030340,21,Westbound W 16 Ave @ Balaclava St,49.257904,-123.17458,1670030227,-113,1670030227
13276162,107,11-29-2022,-121,6612,1669756155,1669756155,13,Southbound Macdonald St @ W 1st Ave,49.270753,-123.168323,1669756034,-121,1669756034
13276654,114,12-05-2022,-131,6612,1670232751,1670232751,19,Westbound W 16 Ave @ Macdonald St,49.257816,-123.168896,1670232620,-131,1670232620
13276185,116,11-28-2022,-179,6612,1669677311,1669677311,21,Westbound W 16 Ave @ Balaclava St,49.257904,-123.17458,1669677132,-179,1669677132
13276654,114,11-28-2022,-129,6612,1669627951,1669627951,19,Westbound W 16 Ave @ Macdonald St,49.257816,-123.168896,1669627822,-129,1669627822
13276192,300,11-25-2022,-231,6612,1669402308,1669402308,30,Westbound W 41 Ave @ Collingwood St,49.234836,-123.182546,1669402077,-231,1669402077
13276245,299,11-24-2022,-116,6612,1669360994,1669360994,29,Westbound W 41 Ave @ Blenheim St,49.234831,-123.179103,1669360878,-116,1669360878
13276165,12671,11-30-2022,-138,6612,1669864434,1669864434,28,Westbound W 41 Ave @ Carnarvon St,49.234826,-123.174148,1669864296,-138,1669864296
13276245,299,12-06-2022,-172,6612,1670397794,1670397794,29,Westbound W 41 Ave @ Blenheim St,49.234831,-123.179103,1670397622,-172,1670397622
13276245,299,11-30-2022,-120,6612,1669879394,1669879394,29,Westbound W 41 Ave @ Blenheim St,49.234831,-123.179103,1669879274,-120,1669879274
13276245,299,11-28-2022,-135,6612,1669706594,1669706594,29,Westbound W 41 Ave @ Blenheim St,49.234831,-123.179103,1669706459,-135,1669706459
13276168,130,11-28-2022,-127,6612,1669693681,1669693681,26,Southbound Mackenzie St @ W 37 Ave,49.238254,-123.170377,1669693554,-127,1669693554
13276192,300,12-07-2022,-114,6612,1670439108,1670439108,30,Westbound W 41 Ave @ Collingwood St,49.234836,-123.182546,1670438994,-114,1670438994
13276185,116,12-07-2022,-128,6612,1670454911,1670454911,21,Westbound W 16 Ave @ Balaclava St,49.257904,-123.17458,1670454783,-128,1670454783
13276192,300,11-24-2022,-165,6612,1669315908,1669315908,30,Westbound W 41 Ave @ Collingwood St,49.234836,-123.182546,1669315743,-165,1669315743
13276245,299,11-29-2022,-162,6612,1669792994,1669792994,29,Westbound W 41 Ave @ Blenheim St,49.234831,-123.179103,1669792832,-162,1669792832
13276245,299,11-25-2022,-151,6612,1669447394,1669447394,29,Westbound W 41 Ave @ Blenheim St,49.234831,-123.179103,1669447243,-151,1669447243
13276192,300,11-29-2022,-259,6612,1669747908,1669747908,30,Westbound W 41 Ave @ Collingwood St,49.234836,-123.182546,1669747649,-259,1669747649
13276124,106,12-08-2022,-132,6612,1670512081,1670512081,12,Westbound Cornwall Ave @ Trafalgar St,49.272799,-123.164636,1670511949,-132,1670511949
13276185,116,12-02-2022,-114,6612,1670022911,1670022911,21,Westbound W 16 Ave @ Balaclava St,49.257904,-123.17458,1670022797,-114,1670022797
13276211,101,11-24-2022,-191,6612,1669325005,1669325005,8,Westbound Cornwall Ave @ Cypress St,49.272539,-123.148302,1669324814,-191,1669324814
13276211,101,11-24-2022,-191,6612,1669325005,1669325005,8,Westbound Cornwall Ave @ Cypress St,49.272539,-123.148302,1669324814,-191,1669324814
13276192,300,11-23-2022,-142,6612,1669229508,1669229508,30,Westbound W 41 Ave @ Collingwood St,49.234836,-123.182546,1669229366,-142,1669229366
13276185,116,11-30-2022,-112,6612,1669850111,1669850111,21,Westbound W 16 Ave @ Balaclava St,49.257904,-123.17458,1669849999,-112,1669849999
13276245,299,11-23-2022,-146,6612,1669274594,1669274594,29,Westbound W 41 Ave @ Blenheim St,49.234831,-123.179103,1669274448,-146,1669274448
13276168,130,12-06-2022,-144,6612,1670384881,1670384881,26,Southbound Mackenzie St @ W 37 Ave,49.238254,-123.170377,1670384737,-144,1670384737
13276245,299,12-07-2022,-114,6612,1670484194,1670484194,29,Westbound W 41 Ave @ Blenheim St,49.234831,-123.179103,1670484080,-114,1670484080
13276192,300,12-02-2022,-119,6612,1670007108,1670007108,30,Westbound W 41 Ave @ Collingwood St,49.234836,-123.182546,1670006989,-119,1670006989
13276168,130,11-30-2022,-121,6612,1669866481,1669866481,26,Southbound Mackenzie St @ W 37 Ave,49.238254,-123.170377,1669866360,-121,1669866360
13276168,130,11-22-2022,-139,6612,1669175281,1669175281,26,Southbound Mackenzie St @ W 37 Ave,49.238254,-123.170377,1669175142,-139,1669175142
13276144,646,11-30-2022,-145,6612,1669851180,1669851180,31,Dunbar Loop @ Bay 2,49.234593,-123.18575,1669851035,-145,1669851035
13276118,55,12-06-2022,-129,6612,1670344200,1670344200,23,Eastbound W 16 Ave @ Carnarvon St,49.257583,-123.17185,1670344071,-129,1670344071
13276144,646,12-06-2022,-171,6612,1670369580,1670369580,31,Dunbar Loop @ Bay 2,49.234593,-123.18575,1670369409,-171,1670369409
13276118,55,11-30-2022,-124,6612,1669825800,1669825800,23,Eastbound W 16 Ave @ Carnarvon St,49.257583,-123.17185,1669825676,-124,1669825676
13276144,646,12-02-2022,-119,6612,1670023980,1670023980,31,Dunbar Loop @ Bay 2,49.234593,-123.18575,1670023861,-119,1670023861
13276118,55,12-08-2022,-166,6612,1670517000,1670517000,23,Eastbound W 16 Ave @ Carnarvon St,49.257583,-123.17185,1670516834,-166,1670516834
13276144,646,12-01-2022,-115,6612,1669937580,1669937580,31,Dunbar Loop @ Bay 2,49.234593,-123.18575,1669937465,-115,1669937465
13276144,646,11-28-2022,-116,6612,1669678380,1669678380,31,Dunbar Loop @ Bay 2,49.234593,-123.18575,1669678264,-116,1669678264
13276143,12671,12-06-2022,-119,6612,1670320702,1670320702,28,Westbound W 41 Ave @ Carnarvon St,49.234826,-123.174148,1670320583,-119,1670320583
13276118,55,12-07-2022,-139,6612,1670430600,1670430600,23,Eastbound W 16 Ave @ Carnarvon St,49.257583,-123.17185,1670430461,-139,1670430461
13276143,12671,11-29-2022,-224,6612,1669715902,1669715902,28,Westbound W 41 Ave @ Carnarvon St,49.234826,-123.174148,1669715678,-224,1669715678
13276115,112,11-23-2022,-187,6612,1669243697,1669243697,18,Southbound Macdonald St @ W 13 Ave,49.260226,-123.168421,1669243510,-187,1669243510
13276163,130,12-02-2022,-141,6612,1670030847,1670030847,26,Southbound Mackenzie St @ W 37 Ave,49.238254,-123.170377,1670030706,-141,1670030706
13276118,55,12-01-2022,-114,6612,1669912200,1669912200,23,Eastbound W 16 Ave @ Carnarvon St,49.257583,-123.17185,1669912086,-114,1669912086
13276118,55,11-25-2022,-124,6612,1669393800,1669393800,23,Eastbound W 16 Ave @ Carnarvon St,49.257583,-123.17185,1669393676,-124,1669393676
13276118,55,12-05-2022,-117,6612,1670257800,1670257800,23,Eastbound W 16 Ave @ Carnarvon St,49.257583,-123.17185,1670257683,-117,1670257683
13276118,55,11-24-2022,-266,6612,1669307400,1669307400,23,Eastbound W 16 Ave @ Carnarvon St,49.257583,-123.17185,1669307134,-266,1669307134
13276118,55,11-23-2022,-154,6612,1669221000,1669221000,23,Eastbound W 16 Ave @ Carnarvon St,49.257583,-123.17185,1669220846,-154,1669220846
13276233,106,12-05-2022,-113,6612,1670295172,1670295172,12,Westbound Cornwall Ave @ Trafalgar St,49.272799,-123.164636,1670295059,-113,1670295059
13276135,110,12-05-2022,-130,6612,1670284836,1670284836,16,Southbound Macdonald St @ W Broadway,49.264268,-123.168373,1670284706,-130,1670284706
13276412,128,11-26-2022,-122,6612,1669481795,1669481795,25,Southbound Mackenzie St @ W 33 Ave,49.241997,-123.170345,1669481673,-122,1669481673
13276197,109,12-05-2022,-221,6612,1670264227,1670264227,15,Southbound Macdonald St @ W 6th Ave,49.266274,-123.168483,1670264006,-221,1670264006
13276188,47,11-30-2022,-787,6612,1669825948,1669825948,5,Southbound Burrard St @ Nelson St,49.280981,-123.126516,1669825161,-787,1669825161
13276188,47,11-30-2022,-787,6612,1669825948,1669825948,5,Southbound Burrard St @ Nelson St,49.280981,-123.126516,1669825161,-787,1669825161
13339257,128,11-26-2022,-151,6612,1669502129,1669502129,25,Southbound Mackenzie St @ W 33 Ave,49.241997,-123.170345,1669501978,-151,1669501978
13276139,300,11-22-2022,-167,6612,1669190214,1669190214,30,Westbound W 41 Ave @ Collingwood St,49.234836,-123.182546,1669190047,-167,1669190047
13276197,12494,12-05-2022,-143,6612,1670263614,1670263614,7,Southbound Burrard St @ Harwood St,49.277837,-123.131265,1670263471,-143,1670263471
13276139,300,11-24-2022,-174,6612,1669363014,1669363014,30,Westbound W 41 Ave @ Collingwood St,49.234836,-123.182546,1669362840,-174,1669362840
13276142,126,12-06-2022,-147,6612,1670318670,1670318670,24,Southbound Mackenzie St @ W 29 Ave,49.245848,-123.170308,1670318523,-147,1670318523
13276215,106,12-06-2022,-257,6612,1670372427,1670372427,12,Westbound Cornwall Ave @ Trafalgar St,49.272799,-123.164636,1670372170,-257,1670372170
13276139,300,12-06-2022,-113,6612,1670399814,1670399814,30,Westbound W 41 Ave @ Collingwood St,49.234836,-123.182546,1670399701,-113,1670399701
13276142,126,11-29-2022,-167,6612,1669713870,1669713870,24,Southbound Mackenzie St @ W 29 Ave,49.245848,-123.170308,1669713703,-167,1669713703
13276161,12494,12-06-2022,-1100,6612,1670362051,1670362051,7,Southbound Burrard St @ Harwood St,49.277837,-123.131265,1670360951,-1100,1670360951
13276161,12494,12-06-2022,-1100,6612,1670362051,1670362051,7,Southbound Burrard St @ Harwood St,49.277837,-123.131265,1670360951,-1100,1670360951
13276139,300,11-30-2022,-136,6612,1669881414,1669881414,30,Westbound W 41 Ave @ Collingwood St,49.234836,-123.182546,1669881278,-136,1669881278
13276139,300,11-25-2022,-121,6612,1669449414,1669449414,30,Westbound W 41 Ave @ Collingwood St,49.234836,-123.182546,1669449293,-121,1669449293
13276139,300,12-01-2022,-120,6612,1669967814,1669967814,30,Westbound W 41 Ave @ Collingwood St,49.234836,-123.182546,1669967694,-120,1669967694
13276139,300,11-28-2022,-155,6612,1669708614,1669708614,30,Westbound W 41 Ave @ Collingwood St,49.234836,-123.182546,1669708459,-155,1669708459
13276145,130,11-29-2022,-129,6612,1669774527,1669774527,26,Southbound Mackenzie St @ W 37 Ave,49.238254,-123.170377,1669774398,-129,1669774398
13276194,112,12-02-2022,-117,6612,1670024537,1670024537,18,Southbound Macdonald St @ W 13 Ave,49.260226,-123.168421,1670024420,-117,1670024420
13339339,116,11-27-2022,-118,6612,1669605618,1669605618,21,Westbound W 16 Ave @ Balaclava St,49.257904,-123.17458,1669605500,-118,1669605500
13276117,45,12-08-2022,-461,6612,1670515022,1670515022,3,Southbound Burrard St @ Robson St,49.283087,-123.123336,1670514561,-461,1670514561
13276186,114,11-28-2022,-166,6612,1669675419,1669675419,19,Westbound W 16 Ave @ Macdonald St,49.257816,-123.168896,1669675253,-166,1669675253
13339254,12671,11-26-2022,-182,6612,1669498601,1669498601,28,Westbound W 41 Ave @ Carnarvon St,49.234826,-123.174148,1669498419,-182,1669498419
13276145,130,11-30-2022,-118,6612,1669860927,1669860927,26,Southbound Mackenzie St @ W 37 Ave,49.238254,-123.170377,1669860809,-118,1669860809
13276139,300,11-23-2022,-136,6612,1669276614,1669276614,30,Westbound W 41 Ave @ Collingwood St,49.234836,-123.182546,1669276478,-136,1669276478
13276215,106,11-29-2022,-299,6612,1669767627,1669767627,12,Westbound Cornwall Ave @ Trafalgar St,49.272799,-123.164636,1669767328,-299,1669767328
13276168,107,11-30-2022,-353,6612,1669865741,1669865741,13,Southbound Macdonald St @ W 1st Ave,49.270753,-123.168323,1669865388,-353,1669865388
13276118,112,11-23-2022,-112,6612,1669220731,1669220731,18,Southbound Macdonald St @ W 13 Ave,49.260226,-123.168421,1669220619,-112,1669220619
13276179,646,12-02-2022,-190,6612,1670036580,1670036580,31,Dunbar Loop @ Bay 2,49.234593,-123.18575,1670036390,-190,1670036390
13276179,646,12-01-2022,-224,6612,1669950180,1669950180,31,Dunbar Loop @ Bay 2,49.234593,-123.18575,1669949956,-224,1669949956
13276179,646,12-06-2022,-207,6612,1670382180,1670382180,31,Dunbar Loop @ Bay 2,49.234593,-123.18575,1670381973,-207,1670381973
13276209,126,11-23-2022,-135,6612,1669237721,1669237721,24,Southbound Mackenzie St @ W 29 Ave,49.245848,-123.170308,1669237586,-135,1669237586
13276179,646,11-30-2022,-114,6612,1669863780,1669863780,31,Dunbar Loop @ Bay 2,49.234593,-123.18575,1669863666,-114,1669863666
13276209,126,12-02-2022,-125,6612,1670015321,1670015321,24,Southbound Mackenzie St @ W 29 Ave,49.245848,-123.170308,1670015196,-125,1670015196
13276379,646,11-27-2022,-114,6612,1669539180,1669539180,31,Dunbar Loop @ Bay 2,49.234593,-123.18575,1669539066,-114,1669539066
13276179,646,11-28-2022,-133,6612,1669690980,1669690980,31,Dunbar Loop @ Bay 2,49.234593,-123.18575,1669690847,-133,1669690847
13276118,112,12-08-2022,-132,6612,1670516731,1670516731,18,Southbound Macdonald St @ W 13 Ave,49.260226,-123.168421,1670516599,-132,1670516599
13276379,646,12-04-2022,-191,6612,1670143980,1670143980,31,Dunbar Loop @ Bay 2,49.234593,-123.18575,1670143789,-191,1670143789
13276118,112,11-24-2022,-223,6612,1669307131,1669307131,18,Southbound Macdonald St @ W 13 Ave,49.260226,-123.168421,1669306908,-223,1669306908
13276121,12671,11-29-2022,-114,6612,1669731916,1669731916,28,Westbound W 41 Ave @ Carnarvon St,49.234826,-123.174148,1669731802,-114,1669731802
13276118,112,12-06-2022,-137,6612,1670343931,1670343931,18,Southbound Macdonald St @ W 13 Ave,49.260226,-123.168421,1670343794,-137,1670343794
13276118,112,11-25-2022,-197,6612,1669393531,1669393531,18,Southbound Macdonald St @ W 13 Ave,49.260226,-123.168421,1669393334,-197,1669393334
13276209,126,11-30-2022,-139,6612,1669842521,1669842521,24,Southbound Mackenzie St @ W 29 Ave,49.245848,-123.170308,1669842382,-139,1669842382
13276118,112,12-07-2022,-122,6612,1670430331,1670430331,18,Southbound Macdonald St @ W 13 Ave,49.260226,-123.168421,1670430209,-122,1670430209
13276179,646,12-08-2022,-153,6612,1670554980,1670554980,31,Dunbar Loop @ Bay 2,49.234593,-123.18575,1670554827,-153,1670554827
13276121,12671,11-25-2022,-120,6612,1669386316,1669386316,28,Westbound W 41 Ave @ Carnarvon St,49.234826,-123.174148,1669386196,-120,1669386196
13276179,646,12-05-2022,-233,6612,1670295780,1670295780,31,Dunbar Loop @ Bay 2,49.234593,-123.18575,1670295547,-233,1670295547
13276179,646,11-25-2022,-128,6612,1669431780,1669431780,31,Dunbar Loop @ Bay 2,49.234593,-123.18575,1669431652,-128,1669431652
13276170,106,12-02-2022,-252,6612,1670019712,1670019712,12,Westbound Cornwall Ave @ Trafalgar St,49.272799,-123.164636,1670019460,-252,1670019460
13276179,646,11-22-2022,-168,6612,1669172580,1669172580,31,Dunbar Loop @ Bay 2,49.234593,-123.18575,1669172412,-168,1669172412
13276198,109,12-08-2022,-125,6612,1670524263,1670524263,15,Southbound Macdonald St @ W 6th Ave,49.266274,-123.168483,1670524138,-125,1670524138
13276128,114,11-29-2022,-113,6612,1669738245,1669738245,19,Westbound W 16 Ave @ Macdonald St,49.257816,-123.168896,1669738132,-113,1669738132
13276225,104,11-30-2022,-125,6612,1669850242,1669850242,10,Westbound Cornwall Ave @ Yew St,49.272645,-123.155439,1669850117,-125,1669850117
13276174,296,12-05-2022,-169,6612,1670292292,1670292292,27,Westbound W 41 Ave @ Mackenzie St,49.234819,-123.170795,1670292123,-169,1670292123
13276198,109,12-02-2022,-199,6612,1670005863,1670005863,15,Southbound Macdonald St @ W 6th Ave,49.266274,-123.168483,1670005664,-199,1670005664
13276198,109,11-24-2022,-122,6612,1669314663,1669314663,15,Southbound Macdonald St @ W 6th Ave,49.266274,-123.168483,1669314541,-122,1669314541
13276128,114,12-02-2022,-112,6612,1669997445,1669997445,19,Westbound W 16 Ave @ Macdonald St,49.257816,-123.168896,1669997333,-112,1669997333
13276657,123,12-04-2022,-125,6612,1670227228,1670227228,22,Westbound W King Edward Ave @ Puget Dr,49.249627,-123.170432,1670227103,-125,1670227103
13276120,646,11-28-2022,-131,6612,1669644300,1669644300,31,Dunbar Loop @ Bay 2,49.234593,-123.18575,1669644169,-131,1669644169
13276141,299,12-06-2022,-163,6612,1670317218,1670317218,29,Westbound W 41 Ave @ Blenheim St,49.234831,-123.179103,1670317055,-163,1670317055
13276120,646,12-05-2022,-126,6612,1670249100,1670249100,31,Dunbar Loop @ Bay 2,49.234593,-123.18575,1670248974,-126,1670248974
13276120,646,11-29-2022,-150,6612,1669730700,1669730700,31,Dunbar Loop @ Bay 2,49.234593,-123.18575,1669730550,-150,1669730550
13276115,130,11-23-2022,-191,6612,1669244307,1669244307,26,Southbound Mackenzie St @ W 37 Ave,49.238254,-123.170377,1669244116,-191,1669244116
13276120,646,12-02-2022,-122,6612,1669989900,1669989900,31,Dunbar Loop @ Bay 2,49.234593,-123.18575,1669989778,-122,1669989778
13276141,299,12-07-2022,-144,6612,1670403618,1670403618,29,Westbound W 41 Ave @ Blenheim St,49.234831,-123.179103,1670403474,-144,1670403474
13276141,299,11-29-2022,-152,6612,1669712418,1669712418,29,Westbound W 41 Ave @ Blenheim St,49.234831,-123.179103,1669712266,-152,1669712266
13276116,110,11-25-2022,-160,6612,1669391885,1669391885,16,Southbound Macdonald St @ W Broadway,49.264268,-123.168373,1669391725,-160,1669391725
13276120,646,11-25-2022,-139,6612,1669385100,1669385100,31,Dunbar Loop @ Bay 2,49.234593,-123.18575,1669384961,-139,1669384961
13276141,299,12-01-2022,-158,6612,1669885218,1669885218,29,Westbound W 41 Ave @ Blenheim St,49.234831,-123.179103,1669885060,-158,1669885060
13276655,128,11-28-2022,-145,6612,1669626361,1669626361,25,Southbound Mackenzie St @ W 33 Ave,49.241997,-123.170345,1669626216,-145,1669626216
13276246,114,11-25-2022,-114,6612,1669433625,1669433625,19,Westbound W 16 Ave @ Macdonald St,49.257816,-123.168896,1669433511,-114,1669433511
13276116,110,12-07-2022,-120,6612,1670428685,1670428685,16,Southbound Macdonald St @ W Broadway,49.264268,-123.168373,1670428565,-120,1670428565
13276120,646,12-01-2022,-118,6612,1669903500,1669903500,31,Dunbar Loop @ Bay 2,49.234593,-123.18575,1669903382,-118,1669903382
13276120,646,12-01-2022,-118,6612,1669903500,1669903500,31,Dunbar Loop @ Bay 2,49.234593,-123.18575,1669903382,-118,1669903382
13276141,299,12-08-2022,-120,6612,1670490018,1670490018,29,Westbound W 41 Ave @ Blenheim St,49.234831,-123.179103,1670489898,-120,1670489898
13276120,646,12-08-2022,-124,6612,1670508300,1670508300,31,Dunbar Loop @ Bay 2,49.234593,-123.18575,1670508176,-124,1670508176
13276115,130,11-28-2022,-146,6612,1669676307,1669676307,26,Southbound Mackenzie St @ W 37 Ave,49.238254,-123.170377,1669676161,-146,1669676161
13276230,109,11-22-2022,-3221,6612,1669178738,1669178738,15,Southbound Macdonald St @ W 6th Ave,49.266274,-123.168483,1669175517,-3221,1669175517
13276174,126,12-05-2022,-119,6612,1670292041,1670292041,24,Southbound Mackenzie St @ W 29 Ave,49.245848,-123.170308,1670291922,-119,1670291922
13276119,55,12-07-2022,-142,6612,1670432700,1670432700,23,Eastbound W 16 Ave @ Carnarvon St,49.257583,-123.17185,1670432558,-142,1670432558
13276245,296,11-23-2022,-113,6612,1669274497,1669274497,27,Westbound W 41 Ave @ Mackenzie St,49.234819,-123.170795,1669274384,-113,1669274384
13276176,121,11-23-2022,-237,6612,1669247842,1669247842,21,Southbound Macdonald St @ Alamein Ave,49.249858,-123.167913,1669247605,-237,1669247605
13276177,115,12-02-2022,-154,6612,1670033871,1670033871,20,Westbound W 16 Ave @ Mackenzie St,49.257839,-123.170777,1670033717,-154,1670033717
13276232,109,11-23-2022,-3520,6612,1669266338,1669266338,15,Southbound Macdonald St @ W 6th Ave,49.266274,-123.168483,1669262818,-3520,1669262818
13276177,115,12-05-2022,-115,6612,1670293071,1670293071,20,Westbound W 16 Ave @ Mackenzie St,49.257839,-123.170777,1670292956,-115,1670292956
13276177,115,11-28-2022,-127,6612,1669688271,1669688271,20,Westbound W 16 Ave @ Mackenzie St,49.257839,-123.170777,1669688144,-127,1669688144
13276177,115,11-30-2022,-136,6612,1669861071,1669861071,20,Westbound W 16 Ave @ Mackenzie St,49.257839,-123.170777,1669860935,-136,1669860935
13276119,55,12-05-2022,-115,6612,1670259900,1670259900,23,Eastbound W 16 Ave @ Carnarvon St,49.257583,-123.17185,1670259785,-115,1670259785
13276119,55,11-25-2022,-123,6612,1669395900,1669395900,23,Eastbound W 16 Ave @ Carnarvon St,49.257583,-123.17185,1669395777,-123,1669395777
13276119,55,11-23-2022,-118,6612,1669223100,1669223100,23,Eastbound W 16 Ave @ Carnarvon St,49.257583,-123.17185,1669222982,-118,1669222982
13276119,55,12-01-2022,-147,6612,1669914300,1669914300,23,Eastbound W 16 Ave @ Carnarvon St,49.257583,-123.17185,1669914153,-147,1669914153
13276245,296,11-29-2022,-125,6612,1669792897,1669792897,27,Westbound W 41 Ave @ Mackenzie St,49.234819,-123.170795,1669792772,-125,1669792772
13276119,55,11-28-2022,-192,6612,1669655100,1669655100,23,Eastbound W 16 Ave @ Carnarvon St,49.257583,-123.17185,1669654908,-192,1669654908
13276119,55,11-28-2022,-192,6612,1669655100,1669655100,23,Eastbound W 16 Ave @ Carnarvon St,49.257583,-123.17185,1669654908,-192,1669654908
13276119,55,11-28-2022,-192,6612,1669655100,1669655100,23,Eastbound W 16 Ave @ Carnarvon St,49.257583,-123.17185,1669654908,-192,1669654908
13276139,107,11-28-2022,-863,6612,1669707740,1669707740,13,Southbound Macdonald St @ W 1st Ave,49.270753,-123.168323,1669706877,-863,1669706877
13276139,107,11-28-2022,-863,6612,1669707740,1669707740,13,Southbound Macdonald St @ W 1st Ave,49.270753,-123.168323,1669706877,-863,1669706877
13276139,107,11-28-2022,-863,6612,1669707740,1669707740,13,Southbound Macdonald St @ W 1st Ave,49.270753,-123.168323,1669706877,-863,1669706877
13276119,55,11-24-2022,-148,6612,1669309500,1669309500,23,Eastbound W 16 Ave @ Carnarvon St,49.257583,-123.17185,1669309352,-148,1669309352
13339259,130,11-26-2022,-183,6612,1669504618,1669504618,26,Southbound Mackenzie St @ W 37 Ave,49.238254,-123.170377,1669504435,-183,1669504435
13276119,55,11-30-2022,-132,6612,1669827900,1669827900,23,Eastbound W 16 Ave @ Carnarvon St,49.257583,-123.17185,1669827768,-132,1669827768
13276245,296,11-24-2022,-115,6612,1669360897,1669360897,27,Westbound W 41 Ave @ Mackenzie St,49.234819,-123.170795,1669360782,-115,1669360782
13276245,296,11-28-2022,-136,6612,1669706497,1669706497,27,Westbound W 41 Ave @ Mackenzie St,49.234819,-123.170795,1669706361,-136,1669706361
13276245,296,11-30-2022,-139,6612,1669879297,1669879297,27,Westbound W 41 Ave @ Mackenzie St,49.234819,-123.170795,1669879158,-139,1669879158
13276119,55,12-02-2022,-127,6612,1670000700,1670000700,23,Eastbound W 16 Ave @ Carnarvon St,49.257583,-123.17185,1670000573,-127,1670000573
13276245,296,12-06-2022,-129,6612,1670397697,1670397697,27,Westbound W 41 Ave @ Mackenzie St,49.234819,-123.170795,1670397568,-129,1670397568
13276234,54,11-23-2022,-118,6612,1669259871,1669259871,22,Eastbound W 16 Ave @ Trutch St,49.257636,-123.175459,1669259753,-118,1669259753
13339278,105,12-04-2022,-337,6612,1670145329,1670145329,11,Westbound Cornwall Ave @ Point Grey Rd,49.272731,-123.160216,1670144992,-337,1670144992
13339278,105,12-04-2022,-337,6612,1670145329,1670145329,11,Westbound Cornwall Ave @ Point Grey Rd,49.272731,-123.160216,1670144992,-337,1670144992
13276119,111,11-28-2022,-148,6612,1669654790,1669654790,17,Southbound Macdonald St @ W 11 Ave,49.261885,-123.16835,1669654642,-148,1669654642
13276234,54,11-28-2022,-114,6612,1669691871,1669691871,22,Eastbound W 16 Ave @ Trutch St,49.257636,-123.175459,1669691757,-114,1669691757
13276234,54,11-22-2022,-368,6612,1669173471,1669173471,22,Eastbound W 16 Ave @ Trutch St,49.257636,-123.175459,1669173103,-368,1669173103
13276191,106,11-25-2022,-462,6612,1669439601,1669439601,12,Westbound Cornwall Ave @ Trafalgar St,49.272799,-123.164636,1669439139,-462,1669439139
13276191,106,11-25-2022,-462,6612,1669439601,1669439601,12,Westbound Cornwall Ave @ Trafalgar St,49.272799,-123.164636,1669439139,-462,1669439139
13276239,296,11-24-2022,-140,6612,1669354597,1669354597,27,Westbound W 41 Ave @ Mackenzie St,49.234819,-123.170795,1669354457,-140,1669354457
13276365,12671,11-26-2022,-251,6612,1669494943,1669494943,28,Westbound W 41 Ave @ Carnarvon St,49.234826,-123.174148,1669494692,-251,1669494692
13276119,111,12-07-2022,-135,6612,1670432390,1670432390,17,Southbound Macdonald St @ W 11 Ave,49.261885,-123.16835,1670432255,-135,1670432255
13276217,54,11-23-2022,-134,6612,1669251228,1669251228,22,Eastbound W 16 Ave @ Trutch St,49.257636,-123.175459,1669251094,-134,1669251094
13276234,54,12-01-2022,-141,6612,1669951071,1669951071,22,Eastbound W 16 Ave @ Trutch St,49.257636,-123.175459,1669950930,-141,1669950930
13276234,54,11-25-2022,-122,6612,1669432671,1669432671,22,Eastbound W 16 Ave @ Trutch St,49.257636,-123.175459,1669432549,-122,1669432549
13276246,115,12-01-2022,-121,6612,1669952054,1669952054,20,Westbound W 16 Ave @ Mackenzie St,49.257839,-123.170777,1669951933,-121,1669951933
13276123,123,11-24-2022,-124,6612,1669302058,1669302058,22,Westbound W King Edward Ave @ Puget Dr,49.249627,-123.170432,1669301934,-124,1669301934
13276239,296,12-02-2022,-130,6612,1670045797,1670045797,27,Westbound W 41 Ave @ Mackenzie St,49.234819,-123.170795,1670045667,-130,1670045667
13276234,54,11-30-2022,-132,6612,1669864671,1669864671,22,Eastbound W 16 Ave @ Trutch St,49.257636,-123.175459,1669864539,-132,1669864539
13276123,123,11-25-2022,-119,6612,1669388458,1669388458,22,Westbound W King Edward Ave @ Puget Dr,49.249627,-123.170432,1669388339,-119,1669388339
13276246,115,11-25-2022,-122,6612,1669433654,1669433654,20,Westbound W 16 Ave @ Mackenzie St,49.257839,-123.170777,1669433532,-122,1669433532
13276234,54,11-29-2022,-113,6612,1669778271,1669778271,22,Eastbound W 16 Ave @ Trutch St,49.257636,-123.175459,1669778158,-113,1669778158
13276234,54,12-07-2022,-433,6612,1670469471,1670469471,22,Eastbound W 16 Ave @ Trutch St,49.257636,-123.175459,1670469038,-433,1670469038
13276217,54,11-30-2022,-246,6612,1669856028,1669856028,22,Eastbound W 16 Ave @ Trutch St,49.257636,-123.175459,1669855782,-246,1669855782
13276217,54,11-30-2022,-246,6612,1669856028,1669856028,22,Eastbound W 16 Ave @ Trutch St,49.257636,-123.175459,1669855782,-246,1669855782
13276131,55,12-07-2022,-126,6612,1670431800,1670431800,23,Eastbound W 16 Ave @ Carnarvon St,49.257583,-123.17185,1670431674,-126,1670431674
13276191,104,11-25-2022,-427,6612,1669439493,1669439493,10,Westbound Cornwall Ave @ Yew St,49.272645,-123.155439,1669439066,-427,1669439066
13276191,104,11-25-2022,-427,6612,1669439493,1669439493,10,Westbound Cornwall Ave @ Yew St,49.272645,-123.155439,1669439066,-427,1669439066
13276131,55,12-01-2022,-127,6612,1669913400,1669913400,23,Eastbound W 16 Ave @ Carnarvon St,49.257583,-123.17185,1669913273,-127,1669913273
13276220,123,12-02-2022,-135,6612,1670031310,1670031310,22,Westbound W King Edward Ave @ Puget Dr,49.249627,-123.170432,1670031175,-135,1670031175
13276219,115,11-28-2022,-197,6612,1669685442,1669685442,20,Westbound W 16 Ave @ Mackenzie St,49.257839,-123.170777,1669685245,-197,1669685245
13276232,123,11-23-2022,-3387,6612,1669266692,1669266692,22,Westbound W King Edward Ave @ Puget Dr,49.249627,-123.170432,1669263305,-3387,1669263305
13276232,123,11-23-2022,-3387,6612,1669266692,1669266692,22,Westbound W King Edward Ave @ Puget Dr,49.249627,-123.170432,1669263305,-3387,1669263305
13276131,110,12-07-2022,-121,6612,1670431431,1670431431,16,Southbound Macdonald St @ W Broadway,49.264268,-123.168373,1670431310,-121,1670431310
13339278,110,12-04-2022,-389,6612,1670145552,1670145552,16,Southbound Macdonald St @ W Broadway,49.264268,-123.168373,1670145163,-389,1670145163
13339278,110,12-04-2022,-389,6612,1670145552,1670145552,16,Southbound Macdonald St @ W Broadway,49.264268,-123.168373,1670145163,-389,1670145163
13276217,116,11-30-2022,-238,6612,1669855986,1669855986,21,Westbound W 16 Ave @ Balaclava St,49.257904,-123.17458,1669855748,-238,1669855748
13276217,116,11-30-2022,-238,6612,1669855986,1669855986,21,Westbound W 16 Ave @ Balaclava St,49.257904,-123.17458,1669855748,-238,1669855748
13276219,115,12-07-2022,-126,6612,1670463042,1670463042,20,Westbound W 16 Ave @ Mackenzie St,49.257839,-123.170777,1670462916,-126,1670462916
13276217,116,11-23-2022,-124,6612,1669251186,1669251186,21,Westbound W 16 Ave @ Balaclava St,49.257904,-123.17458,1669251062,-124,1669251062
13276220,123,11-30-2022,-116,6612,1669858510,1669858510,22,Westbound W King Edward Ave @ Puget Dr,49.249627,-123.170432,1669858394,-116,1669858394
13276148,103,11-30-2022,-420,6612,1669854550,1669854550,9,Westbound Cornwall Ave @ Arbutus St,49.272608,-123.152989,1669854130,-420,1669854130
13276214,126,11-30-2022,-130,6612,1669854231,1669854231,24,Southbound Mackenzie St @ W 29 Ave,49.245848,-123.170308,1669854101,-130,1669854101
13276163,300,12-02-2022,-194,6612,1670031105,1670031105,30,Westbound W 41 Ave @ Collingwood St,49.234836,-123.182546,1670030911,-194,1670030911
13276163,300,12-05-2022,-175,6612,1670290305,1670290305,30,Westbound W 41 Ave @ Collingwood St,49.234836,-123.182546,1670290130,-175,1670290130
13276219,115,11-30-2022,-146,6612,1669858242,1669858242,20,Westbound W 16 Ave @ Mackenzie St,49.257839,-123.170777,1669858096,-146,1669858096
13276163,300,11-28-2022,-128,6612,1669685505,1669685505,30,Westbound W 41 Ave @ Collingwood St,49.234836,-123.182546,1669685377,-128,1669685377
13276220,299,11-23-2022,-112,6612,1669254230,1669254230,29,Westbound W 41 Ave @ Blenheim St,49.234831,-123.179103,1669254118,-112,1669254118
13276220,299,11-29-2022,-129,6612,1669772629,1669772629,29,Westbound W 41 Ave @ Blenheim St,49.234831,-123.179103,1669772500,-129,1669772500
13276137,121,11-29-2022,-193,6612,1669761425,1669761425,21,Southbound Macdonald St @ Alamein Ave,49.249858,-123.167913,1669761232,-193,1669761232
13276672,54,11-27-2022,-124,6612,1669568167,1669568167,22,Eastbound W 16 Ave @ Trutch St,49.257636,-123.175459,1669568043,-124,1669568043
13276220,299,12-07-2022,-118,6612,1670463829,1670463829,29,Westbound W 41 Ave @ Blenheim St,49.234831,-123.179103,1670463711,-118,1670463711
13276218,107,12-05-2022,-152,6612,1670288356,1670288356,13,Southbound Macdonald St @ W 1st Ave,49.270753,-123.168323,1670288204,-152,1670288204
13276220,299,11-24-2022,-151,6612,1669340630,1669340630,29,Westbound W 41 Ave @ Blenheim St,49.234831,-123.179103,1669340479,-151,1669340479
13276144,299,11-30-2022,-133,6612,1669851054,1669851054,29,Westbound W 41 Ave @ Blenheim St,49.234831,-123.179103,1669850921,-133,1669850921
13276186,54,11-28-2022,-144,6612,1669675551,1669675551,22,Eastbound W 16 Ave @ Trutch St,49.257636,-123.175459,1669675407,-144,1669675407
13276186,54,12-05-2022,-124,6612,1670280351,1670280351,22,Eastbound W 16 Ave @ Trutch St,49.257636,-123.175459,1670280227,-124,1670280227
13276396,115,12-03-2022,-145,6612,1670130928,1670130928,20,Westbound W 16 Ave @ Mackenzie St,49.257839,-123.170777,1670130783,-145,1670130783
13276220,299,12-02-2022,-191,6612,1670031829,1670031829,29,Westbound W 41 Ave @ Blenheim St,49.234831,-123.179103,1670031638,-191,1670031638
13276144,299,12-01-2022,-129,6612,1669937454,1669937454,29,Westbound W 41 Ave @ Blenheim St,49.234831,-123.179103,1669937325,-129,1669937325
13276218,107,12-06-2022,-127,6612,1670374756,1670374756,13,Southbound Macdonald St @ W 1st Ave,49.270753,-123.168323,1670374629,-127,1670374629
13276220,299,11-30-2022,-145,6612,1669859029,1669859029,29,Westbound W 41 Ave @ Blenheim St,49.234831,-123.179103,1669858884,-145,1669858884
13276230,103,11-22-2022,-3216,6612,1669178465,1669178465,9,Westbound Cornwall Ave @ Arbutus St,49.272608,-123.152989,1669175249,-3216,1669175249
13276230,103,11-22-2022,-3216,6612,1669178465,1669178465,9,Westbound Cornwall Ave @ Arbutus St,49.272608,-123.152989,1669175249,-3216,1669175249
13276148,46,11-30-2022,-420,6612,1669853993,1669853993,4,Southbound Burrard St @ Barclay St,49.282068,-123.12488,1669853573,-420,1669853573
13339271,128,11-26-2022,-167,6612,1669518785,1669518785,25,Southbound Mackenzie St @ W 33 Ave,49.241997,-123.170345,1669518618,-167,1669518618
13276149,12671,12-02-2022,-137,6612,1670002619,1670002619,28,Westbound W 41 Ave @ Carnarvon St,49.234826,-123.174148,1670002482,-137,1670002482
13339257,296,11-26-2022,-147,6612,1669502310,1669502310,27,Westbound W 41 Ave @ Mackenzie St,49.234819,-123.170795,1669502163,-147,1669502163
13276186,54,11-23-2022,-130,6612,1669243551,1669243551,22,Eastbound W 16 Ave @ Trutch St,49.257636,-123.175459,1669243421,-130,1669243421
13276139,123,11-28-2022,-941,6612,1669708172,1669708172,22,Westbound W King Edward Ave @ Puget Dr,49.249627,-123.170432,1669707231,-941,1669707231
13276139,123,11-28-2022,-941,6612,1669708172,1669708172,22,Westbound W King Edward Ave @ Puget Dr,49.249627,-123.170432,1669707231,-941,1669707231
13276139,123,11-28-2022,-941,6612,1669708172,1669708172,22,Westbound W King Edward Ave @ Puget Dr,49.249627,-123.170432,1669707231,-941,1669707231
13276144,299,12-06-2022,-162,6612,1670369454,1670369454,29,Westbound W 41 Ave @ Blenheim St,49.234831,-123.179103,1670369292,-162,1670369292
13276149,12671,11-25-2022,-120,6612,1669397819,1669397819,28,Westbound W 41 Ave @ Carnarvon St,49.234826,-123.174148,1669397699,-120,1669397699
13276149,12671,11-23-2022,-112,6612,1669225019,1669225019,28,Westbound W 41 Ave @ Carnarvon St,49.234826,-123.174148,1669224907,-112,1669224907
13339257,296,12-03-2022,-131,6612,1670107110,1670107110,27,Westbound W 41 Ave @ Mackenzie St,49.234819,-123.170795,1670106979,-131,1670106979
13276180,55,11-30-2022,-153,6612,1669846620,1669846620,23,Eastbound W 16 Ave @ Carnarvon St,49.257583,-123.17185,1669846467,-153,1669846467
13276219,112,12-07-2022,-115,6612,1670462929,1670462929,18,Southbound Macdonald St @ W 13 Ave,49.260226,-123.168421,1670462814,-115,1670462814
13276216,296,11-30-2022,-143,6612,1669855915,1669855915,27,Westbound W 41 Ave @ Mackenzie St,49.234819,-123.170795,1669855772,-143,1669855772
13276180,55,11-24-2022,-122,6612,1669328220,1669328220,23,Eastbound W 16 Ave @ Carnarvon St,49.257583,-123.17185,1669328098,-122,1669328098
13339278,98,12-04-2022,-198,6612,1670144939,1670144939,6,Southbound Burrard St @ Davie St,49.278914,-123.12964,1670144741,-198,1670144741
13339278,98,12-04-2022,-198,6612,1670144939,1670144939,6,Southbound Burrard St @ Davie St,49.278914,-123.12964,1670144741,-198,1670144741
13276117,98,12-08-2022,-386,6612,1670515161,1670515161,6,Southbound Burrard St @ Davie St,49.278914,-123.12964,1670514775,-386,1670514775
13276380,110,12-04-2022,-116,6612,1670144161,1670144161,16,Southbound Macdonald St @ W Broadway,49.264268,-123.168373,1670144045,-116,1670144045
13276365,128,11-26-2022,-188,6612,1669494733,1669494733,25,Southbound Mackenzie St @ W 33 Ave,49.241997,-123.170345,1669494545,-188,1669494545
13276180,55,11-28-2022,-139,6612,1669673820,1669673820,23,Eastbound W 16 Ave @ Carnarvon St,49.257583,-123.17185,1669673681,-139,1669673681
13276599,1379,11-27-2022,-136,6612,1669577737,1669577737,14,Southbound Macdonald St @ W 4th Ave,49.268064,-123.168411,1669577601,-136,1669577601
13276219,112,11-28-2022,-190,6612,1669685329,1669685329,18,Southbound Macdonald St @ W 13 Ave,49.260226,-123.168421,1669685139,-190,1669685139
13276219,112,11-30-2022,-134,6612,1669858129,1669858129,18,Southbound Macdonald St @ W 13 Ave,49.260226,-123.168421,1669857995,-134,1669857995
13276380,110,11-27-2022,-112,6612,1669539361,1669539361,16,Southbound Macdonald St @ W Broadway,49.264268,-123.168373,1669539249,-112,1669539249
13276197,123,12-05-2022,-261,6612,1670264620,1670264620,22,Westbound W King Edward Ave @ Puget Dr,49.249627,-123.170432,1670264359,-261,1670264359
13276180,55,12-07-2022,-131,6612,1670451420,1670451420,23,Eastbound W 16 Ave @ Carnarvon St,49.257583,-123.17185,1670451289,-131,1670451289
13276180,55,11-23-2022,-168,6612,1669241820,1669241820,23,Eastbound W 16 Ave @ Carnarvon St,49.257583,-123.17185,1669241652,-168,1669241652
13276180,55,12-06-2022,-121,6612,1670365020,1670365020,23,Eastbound W 16 Ave @ Carnarvon St,49.257583,-123.17185,1670364899,-121,1670364899
13276230,104,11-22-2022,-3203,6612,1669178493,1669178493,10,Westbound Cornwall Ave @ Yew St,49.272645,-123.155439,1669175290,-3203,1669175290
13276230,104,11-22-2022,-3203,6612,1669178493,1669178493,10,Westbound Cornwall Ave @ Yew St,49.272645,-123.155439,1669175290,-3203,1669175290
13276149,646,11-23-2022,-149,6612,1669225200,1669225200,31,Dunbar Loop @ Bay 2,49.234593,-123.18575,1669225051,-149,1669225051
13276232,12494,11-23-2022,-3379,6612,1669265785,1669265785,7,Southbound Burrard St @ Harwood St,49.277837,-123.131265,1669262406,-3379,1669262406
13276232,12494,11-23-2022,-3379,6612,1669265785,1669265785,7,Southbound Burrard St @ Harwood St,49.277837,-123.131265,1669262406,-3379,1669262406
13276675,1379,11-27-2022,-155,6612,1669578937,1669578937,14,Southbound Macdonald St @ W 4th Ave,49.268064,-123.168411,1669578782,-155,1669578782
13276177,106,12-05-2022,-133,6612,1670292583,1670292583,12,Westbound Cornwall Ave @ Trafalgar St,49.272799,-123.164636,1670292450,-133,1670292450
13276672,116,11-27-2022,-121,6612,1669568138,1669568138,21,Westbound W 16 Ave @ Balaclava St,49.257904,-123.17458,1669568017,-121,1669568017
13276149,646,11-25-2022,-135,6612,1669398000,1669398000,31,Dunbar Loop @ Bay 2,49.234593,-123.18575,1669397865,-135,1669397865
13276149,646,11-29-2022,-115,6612,1669743600,1669743600,31,Dunbar Loop @ Bay 2,49.234593,-123.18575,1669743485,-115,1669743485
13276149,646,11-24-2022,-111,6612,1669311600,1669311600,31,Dunbar Loop @ Bay 2,49.234593,-123.18575,1669311489,-111,1669311489
13276149,646,12-02-2022,-121,6612,1670002800,1670002800,31,Dunbar Loop @ Bay 2,49.234593,-123.18575,1670002679,-121,1670002679
13276149,646,12-02-2022,-121,6612,1670002800,1670002800,31,Dunbar Loop @ Bay 2,49.234593,-123.18575,1670002679,-121,1670002679
13276149,646,12-02-2022,-121,6612,1670002800,1670002800,31,Dunbar Loop @ Bay 2,49.234593,-123.18575,1670002679,-121,1670002679
13339361,55,11-27-2022,-114,6612,1669609320,1669609320,23,Eastbound W 16 Ave @ Carnarvon St,49.257583,-123.17185,1669609206,-114,1669609206
13276177,106,11-28-2022,-122,6612,1669687783,1669687783,12,Westbound Cornwall Ave @ Trafalgar St,49.272799,-123.164636,1669687661,-122,1669687661
13276227,123,11-29-2022,-140,6612,1669709252,1669709252,22,Westbound W King Edward Ave @ Puget Dr,49.249627,-123.170432,1669709112,-140,1669709112
13276227,123,12-08-2022,-126,6612,1670486852,1670486852,22,Westbound W King Edward Ave @ Puget Dr,49.249627,-123.170432,1670486726,-126,1670486726
13276136,126,12-01-2022,-126,6612,1669933541,1669933541,24,Southbound Mackenzie St @ W 29 Ave,49.245848,-123.170308,1669933415,-126,1669933415
13276218,109,12-05-2022,-117,6612,1670288477,1670288477,15,Southbound Macdonald St @ W 6th Ave,49.266274,-123.168483,1670288360,-117,1670288360
13276658,130,11-28-2022,-112,6612,1669629119,1669629119,26,Southbound Mackenzie St @ W 37 Ave,49.238254,-123.170377,1669629007,-112,1669629007
13276612,128,11-27-2022,-118,6612,1669610316,1669610316,25,Southbound Mackenzie St @ W 33 Ave,49.241997,-123.170345,1669610198,-118,1669610198
13276612,128,12-04-2022,-118,6612,1670215116,1670215116,25,Southbound Mackenzie St @ W 33 Ave,49.241997,-123.170345,1670214998,-118,1670214998
13276218,109,12-06-2022,-133,6612,1670374877,1670374877,15,Southbound Macdonald St @ W 6th Ave,49.266274,-123.168483,1670374744,-133,1670374744
13276412,299,11-26-2022,-182,6612,1669482018,1669482018,29,Westbound W 41 Ave @ Blenheim St,49.234831,-123.179103,1669481836,-182,1669481836
13276117,104,12-08-2022,-158,6612,1670515610,1670515610,10,Westbound Cornwall Ave @ Yew St,49.272645,-123.155439,1670515452,-158,1670515452
13276202,107,11-28-2022,-245,6612,1669663755,1669663755,13,Southbound Macdonald St @ W 1st Ave,49.270753,-123.168323,1669663510,-245,1669663510
13276217,103,11-30-2022,-127,6612,1669855270,1669855270,9,Westbound Cornwall Ave @ Arbutus St,49.272608,-123.152989,1669855143,-127,1669855143
13276217,103,11-30-2022,-127,6612,1669855270,1669855270,9,Westbound Cornwall Ave @ Arbutus St,49.272608,-123.152989,1669855143,-127,1669855143
13276127,106,12-02-2022,-4218,6612,1669996154,1669996154,12,Westbound Cornwall Ave @ Trafalgar St,49.272799,-123.164636,1669991936,-4218,1669991936
13276202,107,12-06-2022,-146,6612,1670354955,1670354955,13,Southbound Macdonald St @ W 1st Ave,49.270753,-123.168323,1670354809,-146,1670354809
13276202,107,11-24-2022,-117,6612,1669318155,1669318155,13,Southbound Macdonald St @ W 1st Ave,49.270753,-123.168323,1669318038,-117,1669318038
13276381,126,12-04-2022,-150,6612,1670145377,1670145377,24,Southbound Mackenzie St @ W 29 Ave,49.245848,-123.170308,1670145227,-150,1670145227
13276125,296,11-23-2022,-158,6612,1669217485,1669217485,27,Westbound W 41 Ave @ Mackenzie St,49.234819,-123.170795,1669217327,-158,1669217327
13276124,115,12-02-2022,-150,6612,1669994068,1669994068,20,Westbound W 16 Ave @ Mackenzie St,49.257839,-123.170777,1669993918,-150,1669993918
13276179,299,11-28-2022,-116,6612,1669690853,1669690853,29,Westbound W 41 Ave @ Blenheim St,49.234831,-123.179103,1669690737,-116,1669690737
13276227,121,12-08-2022,-143,6612,1670486784,1670486784,21,Southbound Macdonald St @ Alamein Ave,49.249858,-123.167913,1670486641,-143,1670486641
13276146,106,11-23-2022,-120,6612,1669253695,1669253695,12,Westbound Cornwall Ave @ Trafalgar St,49.272799,-123.164636,1669253575,-120,1669253575
13276232,98,11-23-2022,-3411,6612,1669265759,1669265759,6,Southbound Burrard St @ Davie St,49.278914,-123.12964,1669262348,-3411,1669262348
13276232,98,11-23-2022,-3411,6612,1669265759,1669265759,6,Southbound Burrard St @ Davie St,49.278914,-123.12964,1669262348,-3411,1669262348
13339352,300,12-04-2022,-113,6612,1670204386,1670204386,30,Westbound W 41 Ave @ Collingwood St,49.234836,-123.182546,1670204273,-113,1670204273
13276179,299,12-02-2022,-174,6612,1670036453,1670036453,29,Westbound W 41 Ave @ Blenheim St,49.234831,-123.179103,1670036279,-174,1670036279
13276126,646,12-02-2022,-141,6612,1669996680,1669996680,31,Dunbar Loop @ Bay 2,49.234593,-123.18575,1669996539,-141,1669996539
13276146,106,11-30-2022,-119,6612,1669858495,1669858495,12,Westbound Cornwall Ave @ Trafalgar St,49.272799,-123.164636,1669858376,-119,1669858376
13276120,130,11-29-2022,-132,6612,1669730459,1669730459,26,Southbound Mackenzie St @ W 37 Ave,49.238254,-123.170377,1669730327,-132,1669730327
13276124,115,11-25-2022,-139,6612,1669389268,1669389268,20,Westbound W 16 Ave @ Mackenzie St,49.257839,-123.170777,1669389129,-139,1669389129
13276217,114,11-30-2022,-200,6612,1669855890,1669855890,19,Westbound W 16 Ave @ Macdonald St,49.257816,-123.168896,1669855690,-200,1669855690
13276217,114,11-30-2022,-200,6612,1669855890,1669855890,19,Westbound W 16 Ave @ Macdonald St,49.257816,-123.168896,1669855690,-200,1669855690
13276146,106,11-29-2022,-144,6612,1669772095,1669772095,12,Westbound Cornwall Ave @ Trafalgar St,49.272799,-123.164636,1669771951,-144,1669771951
13276227,121,11-29-2022,-175,6612,1669709184,1669709184,21,Southbound Macdonald St @ Alamein Ave,49.249858,-123.167913,1669709009,-175,1669709009
13276179,299,12-05-2022,-218,6612,1670295653,1670295653,29,Westbound W 41 Ave @ Blenheim St,49.234831,-123.179103,1670295435,-218,1670295435
13276146,106,11-25-2022,-123,6612,1669426495,1669426495,12,Westbound Cornwall Ave @ Trafalgar St,49.272799,-123.164636,1669426372,-123,1669426372
13276179,299,11-22-2022,-151,6612,1669172454,1669172454,29,Westbound W 41 Ave @ Blenheim St,49.234831,-123.179103,1669172303,-151,1669172303
13276237,107,12-02-2022,-112,6612,1670034334,1670034334,13,Southbound Macdonald St @ W 1st Ave,49.270753,-123.168323,1670034222,-112,1670034222
13276126,646,11-28-2022,-115,6612,1669651080,1669651080,31,Dunbar Loop @ Bay 2,49.234593,-123.18575,1669650965,-115,1669650965
13276124,115,12-08-2022,-179,6612,1670512468,1670512468,20,Westbound W 16 Ave @ Mackenzie St,49.257839,-123.170777,1670512289,-179,1670512289
13339352,300,11-27-2022,-114,6612,1669599586,1669599586,30,Westbound W 41 Ave @ Collingwood St,49.234836,-123.182546,1669599472,-114,1669599472
13276179,299,12-01-2022,-208,6612,1669950053,1669950053,29,Westbound W 41 Ave @ Blenheim St,49.234831,-123.179103,1669949845,-208,1669949845
13276146,106,12-06-2022,-203,6612,1670376895,1670376895,12,Westbound Cornwall Ave @ Trafalgar St,49.272799,-123.164636,1670376692,-203,1670376692
13276124,115,12-05-2022,-148,6612,1670253268,1670253268,20,Westbound W 16 Ave @ Mackenzie St,49.257839,-123.170777,1670253120,-148,1670253120
13276120,130,12-01-2022,-120,6612,1669903259,1669903259,26,Southbound Mackenzie St @ W 37 Ave,49.238254,-123.170377,1669903139,-120,1669903139
13276179,299,12-08-2022,-139,6612,1670554853,1670554853,29,Westbound W 41 Ave @ Blenheim St,49.234831,-123.179103,1670554714,-139,1670554714
13276168,12494,11-30-2022,-255,6612,1669865214,1669865214,7,Southbound Burrard St @ Harwood St,49.277837,-123.131265,1669864959,-255,1669864959
13276179,299,12-06-2022,-192,6612,1670382053,1670382053,29,Westbound W 41 Ave @ Blenheim St,49.234831,-123.179103,1670381861,-192,1670381861
13276120,130,12-02-2022,-115,6612,1669989659,1669989659,26,Southbound Mackenzie St @ W 37 Ave,49.238254,-123.170377,1669989544,-115,1669989544
13276179,299,11-30-2022,-141,6612,1669863653,1669863653,29,Westbound W 41 Ave @ Blenheim St,49.234831,-123.179103,1669863512,-141,1669863512
13276125,296,11-29-2022,-200,6612,1669735884,1669735884,27,Westbound W 41 Ave @ Mackenzie St,49.234819,-123.170795,1669735684,-200,1669735684
13276146,106,12-05-2022,-117,6612,1670290495,1670290495,12,Westbound Cornwall Ave @ Trafalgar St,49.272799,-123.164636,1670290378,-117,1670290378
13276243,123,11-28-2022,-122,6612,1669704392,1669704392,22,Westbound W King Edward Ave @ Puget Dr,49.249627,-123.170432,1669704270,-122,1669704270
13276126,646,11-24-2022,-129,6612,1669305480,1669305480,31,Dunbar Loop @ Bay 2,49.234593,-123.18575,1669305351,-129,1669305351
13276656,646,11-28-2022,-145,6612,1669624680,1669624680,31,Dunbar Loop @ Bay 2,49.234593,-123.18575,1669624535,-145,1669624535
13276179,299,11-25-2022,-128,6612,1669431653,1669431653,29,Westbound W 41 Ave @ Blenheim St,49.234831,-123.179103,1669431525,-128,1669431525
13276217,111,11-30-2022,-190,6612,1669855777,1669855777,17,Southbound Macdonald St @ W 11 Ave,49.261885,-123.16835,1669855587,-190,1669855587
13276217,111,11-30-2022,-190,6612,1669855777,1669855777,17,Southbound Macdonald St @ W 11 Ave,49.261885,-123.16835,1669855587,-190,1669855587
13276135,54,12-07-2022,-155,6612,1670457948,1670457948,22,Eastbound W 16 Ave @ Trutch St,49.257636,-123.175459,1670457793,-155,1670457793
13276204,12671,12-05-2022,-125,6612,1670271054,1670271054,28,Westbound W 41 Ave @ Carnarvon St,49.234826,-123.174148,1670270929,-125,1670270929
13276137,299,11-29-2022,-358,6612,1669762014,1669762014,29,Westbound W 41 Ave @ Blenheim St,49.234831,-123.179103,1669761656,-358,1669761656
13276176,107,11-23-2022,-116,6612,1669247399,1669247399,13,Southbound Macdonald St @ W 1st Ave,49.270753,-123.168323,1669247283,-116,1669247283
13276204,12671,11-28-2022,-128,6612,1669666254,1669666254,28,Westbound W 41 Ave @ Carnarvon St,49.234826,-123.174148,1669666126,-128,1669666126
13276135,54,11-25-2022,-141,6612,1669421148,1669421148,22,Eastbound W 16 Ave @ Trutch St,49.257636,-123.175459,1669421007,-141,1669421007
13276127,109,11-25-2022,-137,6612,1669391539,1669391539,15,Southbound Macdonald St @ W 6th Ave,49.266274,-123.168483,1669391402,-137,1669391402
13276395,646,11-26-2022,-114,6612,1669526220,1669526220,31,Dunbar Loop @ Bay 2,49.234593,-123.18575,1669526106,-114,1669526106
13276127,109,12-07-2022,-152,6612,1670428339,1670428339,15,Southbound Macdonald St @ W 6th Ave,49.266274,-123.168483,1670428187,-152,1670428187
13276135,54,12-06-2022,-148,6612,1670371548,1670371548,22,Eastbound W 16 Ave @ Trutch St,49.257636,-123.175459,1670371400,-148,1670371400
13276135,54,12-05-2022,-183,6612,1670285148,1670285148,22,Eastbound W 16 Ave @ Trutch St,49.257636,-123.175459,1670284965,-183,1670284965
13276117,47,12-08-2022,-415,6612,1670515092,1670515092,5,Southbound Burrard St @ Nelson St,49.280981,-123.126516,1670514677,-415,1670514677
13276175,115,11-28-2022,-126,6612,1669680961,1669680961,20,Westbound W 16 Ave @ Mackenzie St,49.257839,-123.170777,1669680835,-126,1669680835
13276175,115,12-02-2022,-293,6612,1670026561,1670026561,20,Westbound W 16 Ave @ Mackenzie St,49.257839,-123.170777,1670026268,-293,1670026268
13339360,300,11-27-2022,-113,6612,1669608826,1669608826,30,Westbound W 41 Ave @ Collingwood St,49.234836,-123.182546,1669608713,-113,1669608713
13276127,109,12-02-2022,-4295,6612,1669996339,1669996339,15,Southbound Macdonald St @ W 6th Ave,49.266274,-123.168483,1669992044,-4295,1669992044
13276118,106,11-25-2022,-153,6612,1669393192,1669393192,12,Westbound Cornwall Ave @ Trafalgar St,49.272799,-123.164636,1669393039,-153,1669393039
13276158,54,11-23-2022,-115,6612,1669252785,1669252785,22,Eastbound W 16 Ave @ Trutch St,49.257636,-123.175459,1669252670,-115,1669252670
13276186,115,11-28-2022,-176,6612,1669675449,1669675449,20,Westbound W 16 Ave @ Mackenzie St,49.257839,-123.170777,1669675273,-176,1669675273
13276118,106,11-23-2022,-112,6612,1669220392,1669220392,12,Westbound Cornwall Ave @ Trafalgar St,49.272799,-123.164636,1669220280,-112,1669220280
13276118,106,12-08-2022,-115,6612,1670516392,1670516392,12,Westbound Cornwall Ave @ Trafalgar St,49.272799,-123.164636,1670516277,-115,1670516277
13339257,124,11-26-2022,-165,6612,1669501941,1669501941,23,Southbound Quesnel Dr @ W King Edward Ave,49.249603,-123.171914,1669501776,-165,1669501776
13276118,106,11-24-2022,-179,6612,1669306792,1669306792,12,Westbound Cornwall Ave @ Trafalgar St,49.272799,-123.164636,1669306613,-179,1669306613
13276214,296,11-30-2022,-121,6612,1669854475,1669854475,27,Westbound W 41 Ave @ Mackenzie St,49.234819,-123.170795,1669854354,-121,1669854354
13276217,101,11-30-2022,-115,6612,1669855190,1669855190,8,Westbound Cornwall Ave @ Cypress St,49.272539,-123.148302,1669855075,-115,1669855075
13276217,101,11-30-2022,-115,6612,1669855190,1669855190,8,Westbound Cornwall Ave @ Cypress St,49.272539,-123.148302,1669855075,-115,1669855075
13276379,123,12-04-2022,-139,6612,1670143472,1670143472,22,Westbound W King Edward Ave @ Puget Dr,49.249627,-123.170432,1670143333,-139,1670143333
13276158,54,11-25-2022,-114,6612,1669425585,1669425585,22,Eastbound W 16 Ave @ Trutch St,49.257636,-123.175459,1669425471,-114,1669425471
13276158,54,11-30-2022,-142,6612,1669857585,1669857585,22,Eastbound W 16 Ave @ Trutch St,49.257636,-123.175459,1669857443,-142,1669857443
13276158,54,12-02-2022,-115,6612,1670030385,1670030385,22,Eastbound W 16 Ave @ Trutch St,49.257636,-123.175459,1670030270,-115,1670030270
13276137,130,11-29-2022,-313,6612,1669761807,1669761807,26,Southbound Mackenzie St @ W 37 Ave,49.238254,-123.170377,1669761494,-313,1669761494
13276158,54,11-29-2022,-115,6612,1669771185,1669771185,22,Eastbound W 16 Ave @ Trutch St,49.257636,-123.175459,1669771070,-115,1669771070
13276175,109,11-28-2022,-122,6612,1669680706,1669680706,15,Southbound Macdonald St @ W 6th Ave,49.266274,-123.168483,1669680584,-122,1669680584
13276125,299,11-29-2022,-219,6612,1669735988,1669735988,29,Westbound W 41 Ave @ Blenheim St,49.234831,-123.179103,1669735769,-219,1669735769
13276117,1379,12-08-2022,-239,6612,1670515897,1670515897,14,Southbound Macdonald St @ W 4th Ave,49.268064,-123.168411,1670515658,-239,1670515658
13276125,299,12-05-2022,-112,6612,1670254388,1670254388,29,Westbound W 41 Ave @ Blenheim St,49.234831,-123.179103,1670254276,-112,1670254276
13276205,130,12-05-2022,-132,6612,1670272232,1670272232,26,Southbound Mackenzie St @ W 37 Ave,49.238254,-123.170377,1670272100,-132,1670272100
13276148,1379,11-30-2022,-420,6612,1669854901,1669854901,14,Southbound Macdonald St @ W 4th Ave,49.268064,-123.168411,1669854481,-420,1669854481
13276205,130,12-06-2022,-278,6612,1670358632,1670358632,26,Southbound Mackenzie St @ W 37 Ave,49.238254,-123.170377,1670358354,-278,1670358354
13276205,130,12-06-2022,-278,6612,1670358632,1670358632,26,Southbound Mackenzie St @ W 37 Ave,49.238254,-123.170377,1670358354,-278,1670358354
13276173,107,12-06-2022,-195,6612,1670386074,1670386074,13,Southbound Macdonald St @ W 1st Ave,49.270753,-123.168323,1670385879,-195,1670385879
13339259,296,11-26-2022,-201,6612,1669504710,1669504710,27,Westbound W 41 Ave @ Mackenzie St,49.234819,-123.170795,1669504509,-201,1669504509
13276173,107,11-22-2022,-196,6612,1669176474,1669176474,13,Southbound Macdonald St @ W 1st Ave,49.270753,-123.168323,1669176278,-196,1669176278
13276142,121,12-06-2022,-126,6612,1670318504,1670318504,21,Southbound Macdonald St @ Alamein Ave,49.249858,-123.167913,1670318378,-126,1670318378
13276148,1379,11-25-2022,-111,6612,1669422901,1669422901,14,Southbound Macdonald St @ W 4th Ave,49.268064,-123.168411,1669422790,-111,1669422790
13339339,54,11-27-2022,-133,6612,1669605655,1669605655,22,Eastbound W 16 Ave @ Trutch St,49.257636,-123.175459,1669605522,-133,1669605522
13276135,107,12-05-2022,-170,6612,1670284673,1670284673,13,Southbound Macdonald St @ W 1st Ave,49.270753,-123.168323,1670284503,-170,1670284503
13276191,105,11-25-2022,-441,6612,1669439549,1669439549,11,Westbound Cornwall Ave @ Point Grey Rd,49.272731,-123.160216,1669439108,-441,1669439108
13276191,105,11-25-2022,-441,6612,1669439549,1669439549,11,Westbound Cornwall Ave @ Point Grey Rd,49.272731,-123.160216,1669439108,-441,1669439108
13276125,299,11-23-2022,-112,6612,1669217589,1669217589,29,Westbound W 41 Ave @ Blenheim St,49.234831,-123.179103,1669217477,-112,1669217477
13276205,130,11-24-2022,-152,6612,1669321833,1669321833,26,Southbound Mackenzie St @ W 37 Ave,49.238254,-123.170377,1669321681,-152,1669321681
13276205,130,11-30-2022,-146,6612,1669840232,1669840232,26,Southbound Mackenzie St @ W 37 Ave,49.238254,-123.170377,1669840086,-146,1669840086
13276173,107,11-28-2022,-160,6612,1669694874,1669694874,13,Southbound Macdonald St @ W 1st Ave,49.270753,-123.168323,1669694714,-160,1669694714
13276232,646,11-23-2022,-114,6612,1669267200,1669267200,31,Dunbar Loop @ Bay 2,49.234593,-123.18575,1669267086,-114,1669267086
13276117,1379,11-25-2022,-113,6612,1669392697,1669392697,14,Southbound Macdonald St @ W 4th Ave,49.268064,-123.168411,1669392584,-113,1669392584
13276125,299,11-24-2022,-131,6612,1669303989,1669303989,29,Westbound W 41 Ave @ Blenheim St,49.234831,-123.179103,1669303858,-131,1669303858
13276188,299,11-30-2022,-1877,6612,1669827483,1669827483,29,Westbound W 41 Ave @ Blenheim St,49.234831,-123.179103,1669825606,-1877,1669825606
13276188,299,11-30-2022,-1877,6612,1669827483,1669827483,29,Westbound W 41 Ave @ Blenheim St,49.234831,-123.179103,1669825606,-1877,1669825606
13276188,299,11-30-2022,-1877,6612,1669827483,1669827483,29,Westbound W 41 Ave @ Blenheim St,49.234831,-123.179103,1669825606,-1877,1669825606
13276188,299,11-30-2022,-1877,6612,1669827483,1669827483,29,Westbound W 41 Ave @ Blenheim St,49.234831,-123.179103,1669825606,-1877,1669825606
13276188,299,11-30-2022,-1877,6612,1669827483,1669827483,29,Westbound W 41 Ave @ Blenheim St,49.234831,-123.179103,1669825606,-1877,1669825606
13276188,299,11-30-2022,-1877,6612,1669827483,1669827483,29,Westbound W 41 Ave @ Blenheim St,49.234831,-123.179103,1669825606,-1877,1669825606
13276188,299,11-30-2022,-1877,6612,1669827483,1669827483,29,Westbound W 41 Ave @ Blenheim St,49.234831,-123.179103,1669825606,-1877,1669825606
13276125,299,12-07-2022,-119,6612,1670427188,1670427188,29,Westbound W 41 Ave @ Blenheim St,49.234831,-123.179103,1670427069,-119,1670427069
13276232,646,11-24-2022,-113,6612,1669353600,1669353600,31,Dunbar Loop @ Bay 2,49.234593,-123.18575,1669353487,-113,1669353487
13276173,107,12-07-2022,-3491,6612,1670472474,1670472474,13,Southbound Macdonald St @ W 1st Ave,49.270753,-123.168323,1670468983,-3491,1670468983
13276142,121,11-29-2022,-115,6612,1669713704,1669713704,21,Southbound Macdonald St @ Alamein Ave,49.249858,-123.167913,1669713589,-115,1669713589
13276135,107,12-07-2022,-122,6612,1670457473,1670457473,13,Southbound Macdonald St @ W 1st Ave,49.270753,-123.168323,1670457351,-122,1670457351
13276173,111,12-06-2022,-201,6612,1670386272,1670386272,17,Southbound Macdonald St @ W 11 Ave,49.261885,-123.16835,1670386071,-201,1670386071
13276127,104,12-02-2022,-4150,6612,1669996010,1669996010,10,Westbound Cornwall Ave @ Yew St,49.272645,-123.155439,1669991860,-4150,1669991860
13276118,1379,11-25-2022,-176,6612,1669393340,1669393340,14,Southbound Macdonald St @ W 4th Ave,49.268064,-123.168411,1669393164,-176,1669393164
13276143,123,12-06-2022,-126,6612,1670320369,1670320369,22,Westbound W King Edward Ave @ Puget Dr,49.249627,-123.170432,1670320243,-126,1670320243
13276173,111,11-22-2022,-133,6612,1669176672,1669176672,17,Southbound Macdonald St @ W 11 Ave,49.261885,-123.16835,1669176539,-133,1669176539
13276136,646,12-05-2022,-143,6612,1670279640,1670279640,31,Dunbar Loop @ Bay 2,49.234593,-123.18575,1670279497,-143,1670279497
13276136,646,11-23-2022,-167,6612,1669242840,1669242840,31,Dunbar Loop @ Bay 2,49.234593,-123.18575,1669242673,-167,1669242673
13276136,646,12-06-2022,-137,6612,1670366040,1670366040,31,Dunbar Loop @ Bay 2,49.234593,-123.18575,1670365903,-137,1670365903
13276143,123,11-29-2022,-119,6612,1669715569,1669715569,22,Westbound W King Edward Ave @ Puget Dr,49.249627,-123.170432,1669715450,-119,1669715450
13276173,111,12-07-2022,-3480,6612,1670472672,1670472672,17,Southbound Macdonald St @ W 11 Ave,49.261885,-123.16835,1670469192,-3480,1670469192
13276136,646,12-01-2022,-175,6612,1669934040,1669934040,31,Dunbar Loop @ Bay 2,49.234593,-123.18575,1669933865,-175,1669933865
13276173,111,11-28-2022,-168,6612,1669695072,1669695072,17,Southbound Macdonald St @ W 11 Ave,49.261885,-123.16835,1669694904,-168,1669694904
13276118,1379,11-24-2022,-202,6612,1669306940,1669306940,14,Southbound Macdonald St @ W 4th Ave,49.268064,-123.168411,1669306738,-202,1669306738
13276136,646,11-30-2022,-146,6612,1669847640,1669847640,31,Dunbar Loop @ Bay 2,49.234593,-123.18575,1669847494,-146,1669847494
13276118,1379,12-08-2022,-141,6612,1670516540,1670516540,14,Southbound Macdonald St @ W 4th Ave,49.268064,-123.168411,1670516399,-141,1670516399
13276136,646,12-02-2022,-157,6612,1670020440,1670020440,31,Dunbar Loop @ Bay 2,49.234593,-123.18575,1670020283,-157,1670020283
13276118,1379,11-23-2022,-140,6612,1669220540,1669220540,14,Southbound Macdonald St @ W 4th Ave,49.268064,-123.168411,1669220400,-140,1669220400
13276158,115,11-23-2022,-122,6612,1669252671,1669252671,20,Westbound W 16 Ave @ Mackenzie St,49.257839,-123.170777,1669252549,-122,1669252549
13276218,115,12-05-2022,-131,6612,1670288751,1670288751,20,Westbound W 16 Ave @ Mackenzie St,49.257839,-123.170777,1670288620,-131,1670288620
13276188,112,11-30-2022,-1865,6612,1669826764,1669826764,18,Southbound Macdonald St @ W 13 Ave,49.260226,-123.168421,1669824899,-1865,1669824899
13276188,112,11-30-2022,-1865,6612,1669826764,1669826764,18,Southbound Macdonald St @ W 13 Ave,49.260226,-123.168421,1669824899,-1865,1669824899
13276188,112,11-30-2022,-1865,6612,1669826764,1669826764,18,Southbound Macdonald St @ W 13 Ave,49.260226,-123.168421,1669824899,-1865,1669824899
13276188,112,11-30-2022,-1865,6612,1669826764,1669826764,18,Southbound Macdonald St @ W 13 Ave,49.260226,-123.168421,1669824899,-1865,1669824899
13276188,112,11-30-2022,-1865,6612,1669826764,1669826764,18,Southbound Macdonald St @ W 13 Ave,49.260226,-123.168421,1669824899,-1865,1669824899
13276188,112,11-30-2022,-1865,6612,1669826764,1669826764,18,Southbound Macdonald St @ W 13 Ave,49.260226,-123.168421,1669824899,-1865,1669824899
13276188,112,11-30-2022,-1865,6612,1669826764,1669826764,18,Southbound Macdonald St @ W 13 Ave,49.260226,-123.168421,1669824899,-1865,1669824899
13276158,115,11-30-2022,-112,6612,1669857471,1669857471,20,Westbound W 16 Ave @ Mackenzie St,49.257839,-123.170777,1669857359,-112,1669857359
13276194,119,12-02-2022,-140,6612,1670024688,1670024688,20,Southbound Macdonald St @ W 21 Ave,49.253375,-123.16787,1670024548,-140,1670024548
13276143,296,12-06-2022,-209,6612,1670320664,1670320664,27,Westbound W 41 Ave @ Mackenzie St,49.234819,-123.170795,1670320455,-209,1670320455
13276194,119,12-06-2022,-119,6612,1670370288,1670370288,20,Southbound Macdonald St @ W 21 Ave,49.253375,-123.16787,1670370169,-119,1670370169
13276648,296,12-04-2022,-124,6612,1670184916,1670184916,27,Westbound W 41 Ave @ Mackenzie St,49.234819,-123.170795,1670184792,-124,1670184792
13276151,646,12-05-2022,-131,6612,1670261220,1670261220,31,Dunbar Loop @ Bay 2,49.234593,-123.18575,1670261089,-131,1670261089
13276151,646,11-25-2022,-204,6612,1669397220,1669397220,31,Dunbar Loop @ Bay 2,49.234593,-123.18575,1669397016,-204,1669397016
13276218,115,12-06-2022,-112,6612,1670375151,1670375151,20,Westbound W 16 Ave @ Mackenzie St,49.257839,-123.170777,1670375039,-112,1670375039
13276143,296,11-29-2022,-211,6612,1669715864,1669715864,27,Westbound W 41 Ave @ Mackenzie St,49.234819,-123.170795,1669715653,-211,1669715653
13276396,107,12-03-2022,-147,6612,1670130614,1670130614,13,Southbound Macdonald St @ W 1st Ave,49.270753,-123.168323,1670130467,-147,1670130467
13276151,646,11-29-2022,-136,6612,1669742820,1669742820,31,Dunbar Loop @ Bay 2,49.234593,-123.18575,1669742684,-136,1669742684
13276165,121,11-30-2022,-121,6612,1669863963,1669863963,21,Southbound Macdonald St @ Alamein Ave,49.249858,-123.167913,1669863842,-121,1669863842
13276151,646,12-02-2022,-153,6612,1670002020,1670002020,31,Dunbar Loop @ Bay 2,49.234593,-123.18575,1670001867,-153,1670001867
13276380,1379,12-04-2022,-138,6612,1670144087,1670144087,14,Southbound Macdonald St @ W 4th Ave,49.268064,-123.168411,1670143949,-138,1670143949
13276115,109,11-23-2022,-205,6612,1669243564,1669243564,15,Southbound Macdonald St @ W 6th Ave,49.266274,-123.168483,1669243359,-205,1669243359
13276199,116,12-05-2022,-159,6612,1670266571,1670266571,21,Westbound W 16 Ave @ Balaclava St,49.257904,-123.17458,1670266412,-159,1670266412
13276206,55,11-29-2022,-140,6612,1669749480,1669749480,23,Eastbound W 16 Ave @ Carnarvon St,49.257583,-123.17185,1669749340,-140,1669749340
13276206,115,11-29-2022,-129,6612,1669749309,1669749309,20,Westbound W 16 Ave @ Mackenzie St,49.257839,-123.170777,1669749180,-129,1669749180
13276116,111,11-25-2022,-117,6612,1669391941,1669391941,17,Southbound Macdonald St @ W 11 Ave,49.261885,-123.16835,1669391824,-117,1669391824
13276378,55,12-04-2022,-179,6612,1670142660,1670142660,23,Eastbound W 16 Ave @ Carnarvon St,49.257583,-123.17185,1670142481,-179,1670142481
13276199,116,11-23-2022,-116,6612,1669229771,1669229771,21,Westbound W 16 Ave @ Balaclava St,49.257904,-123.17458,1669229655,-116,1669229655
13276154,106,11-28-2022,-144,6612,1669653292,1669653292,12,Westbound Cornwall Ave @ Trafalgar St,49.272799,-123.164636,1669653148,-144,1669653148
13276164,12671,12-06-2022,-116,6612,1670375141,1670375141,28,Westbound W 41 Ave @ Carnarvon St,49.234826,-123.174148,1670375025,-116,1670375025
13276206,55,12-06-2022,-153,6612,1670354280,1670354280,23,Eastbound W 16 Ave @ Carnarvon St,49.257583,-123.17185,1670354127,-153,1670354127
13276211,104,11-24-2022,-201,6612,1669325122,1669325122,10,Westbound Cornwall Ave @ Yew St,49.272645,-123.155439,1669324921,-201,1669324921
13276211,104,11-24-2022,-201,6612,1669325122,1669325122,10,Westbound Cornwall Ave @ Yew St,49.272645,-123.155439,1669324921,-201,1669324921
13276585,110,12-04-2022,-117,6612,1670186225,1670186225,16,Southbound Macdonald St @ W Broadway,49.264268,-123.168373,1670186108,-117,1670186108
13276199,116,12-07-2022,-139,6612,1670439371,1670439371,21,Westbound W 16 Ave @ Balaclava St,49.257904,-123.17458,1670439232,-139,1670439232
13276206,115,12-06-2022,-123,6612,1670354109,1670354109,20,Westbound W 16 Ave @ Mackenzie St,49.257839,-123.170777,1670353986,-123,1670353986
13276380,109,11-27-2022,-116,6612,1669539322,1669539322,15,Southbound Macdonald St @ W 6th Ave,49.266274,-123.168483,1669539206,-116,1669539206
13276199,116,11-30-2022,-112,6612,1669834571,1669834571,21,Westbound W 16 Ave @ Balaclava St,49.257904,-123.17458,1669834459,-112,1669834459
13276154,106,11-29-2022,-120,6612,1669739692,1669739692,12,Westbound Cornwall Ave @ Trafalgar St,49.272799,-123.164636,1669739572,-120,1669739572
13276380,109,12-04-2022,-118,6612,1670144122,1670144122,15,Southbound Macdonald St @ W 6th Ave,49.266274,-123.168483,1670144004,-118,1670144004
13276164,12671,11-23-2022,-135,6612,1669251941,1669251941,28,Westbound W 41 Ave @ Carnarvon St,49.234826,-123.174148,1669251806,-135,1669251806
13276162,114,11-29-2022,-136,6612,1669756479,1669756479,19,Westbound W 16 Ave @ Macdonald St,49.257816,-123.168896,1669756343,-136,1669756343
13276206,55,12-05-2022,-120,6612,1670267880,1670267880,23,Eastbound W 16 Ave @ Carnarvon St,49.257583,-123.17185,1670267760,-120,1670267760
13276164,12671,11-30-2022,-139,6612,1669856741,1669856741,28,Westbound W 41 Ave @ Carnarvon St,49.234826,-123.174148,1669856602,-139,1669856602
13276199,116,11-29-2022,-119,6612,1669748171,1669748171,21,Westbound W 16 Ave @ Balaclava St,49.257904,-123.17458,1669748052,-119,1669748052
13276162,114,12-02-2022,-165,6612,1670015679,1670015679,19,Westbound W 16 Ave @ Macdonald St,49.257816,-123.168896,1670015514,-165,1670015514
13276199,116,11-28-2022,-117,6612,1669661771,1669661771,21,Westbound W 16 Ave @ Balaclava St,49.257904,-123.17458,1669661654,-117,1669661654
13276206,55,11-28-2022,-112,6612,1669663080,1669663080,23,Eastbound W 16 Ave @ Carnarvon St,49.257583,-123.17185,1669662968,-112,1669662968
13276585,55,12-04-2022,-146,6612,1670186580,1670186580,23,Eastbound W 16 Ave @ Carnarvon St,49.257583,-123.17185,1670186434,-146,1670186434
13276116,111,12-07-2022,-129,6612,1670428741,1670428741,17,Southbound Macdonald St @ W 11 Ave,49.261885,-123.16835,1670428612,-129,1670428612
13339362,119,12-04-2022,-131,6612,1670216573,1670216573,20,Southbound Macdonald St @ W 21 Ave,49.253375,-123.16787,1670216442,-131,1670216442
13276162,114,11-23-2022,-148,6612,1669238079,1669238079,19,Westbound W 16 Ave @ Macdonald St,49.257816,-123.168896,1669237931,-148,1669237931
13276162,114,12-08-2022,-116,6612,1670534079,1670534079,19,Westbound W 16 Ave @ Macdonald St,49.257816,-123.168896,1670533963,-116,1670533963
13276199,116,11-25-2022,-113,6612,1669402571,1669402571,21,Westbound W 16 Ave @ Balaclava St,49.257904,-123.17458,1669402458,-113,1669402458
13276170,104,12-02-2022,-197,6612,1670019562,1670019562,10,Westbound Cornwall Ave @ Yew St,49.272645,-123.155439,1670019365,-197,1670019365
13276116,111,11-28-2022,-114,6612,1669651141,1669651141,17,Southbound Macdonald St @ W 11 Ave,49.261885,-123.16835,1669651027,-114,1669651027
13276122,300,12-01-2022,-150,6612,1669906014,1669906014,30,Westbound W 41 Ave @ Collingwood St,49.234836,-123.182546,1669905864,-150,1669905864
13276141,130,12-07-2022,-123,6612,1670403458,1670403458,26,Southbound Mackenzie St @ W 37 Ave,49.238254,-123.170377,1670403335,-123,1670403335
13276148,45,11-30-2022,-420,6612,1669853957,1669853957,3,Southbound Burrard St @ Robson St,49.283087,-123.123336,1669853537,-420,1669853537
13276227,119,11-29-2022,-148,6612,1669709123,1669709123,20,Southbound Macdonald St @ W 21 Ave,49.253375,-123.16787,1669708975,-148,1669708975
13276141,130,12-01-2022,-116,6612,1669885058,1669885058,26,Southbound Mackenzie St @ W 37 Ave,49.238254,-123.170377,1669884942,-116,1669884942
13276227,119,12-08-2022,-124,6612,1670486723,1670486723,20,Southbound Macdonald St @ W 21 Ave,49.253375,-123.16787,1670486599,-124,1670486599
13276162,116,11-23-2022,-122,6612,1669238171,1669238171,21,Westbound W 16 Ave @ Balaclava St,49.257904,-123.17458,1669238049,-122,1669238049
13276141,130,12-06-2022,-154,6612,1670317058,1670317058,26,Southbound Mackenzie St @ W 37 Ave,49.238254,-123.170377,1670316904,-154,1670316904
13276162,116,11-29-2022,-142,6612,1669756571,1669756571,21,Westbound W 16 Ave @ Balaclava St,49.257904,-123.17458,1669756429,-142,1669756429
13276122,300,11-25-2022,-188,6612,1669387614,1669387614,30,Westbound W 41 Ave @ Collingwood St,49.234836,-123.182546,1669387426,-188,1669387426
13276124,109,12-05-2022,-133,6612,1670253050,1670253050,15,Southbound Macdonald St @ W 6th Ave,49.266274,-123.168483,1670252917,-133,1670252917
13276122,300,11-30-2022,-136,6612,1669819614,1669819614,30,Westbound W 41 Ave @ Collingwood St,49.234836,-123.182546,1669819478,-136,1669819478
13276219,114,12-07-2022,-112,6612,1670463007,1670463007,19,Westbound W 16 Ave @ Macdonald St,49.257816,-123.168896,1670462895,-112,1670462895
13276124,109,12-08-2022,-160,6612,1670512250,1670512250,15,Southbound Macdonald St @ W 6th Ave,49.266274,-123.168483,1670512090,-160,1670512090
13276122,300,12-07-2022,-134,6612,1670424414,1670424414,30,Westbound W 41 Ave @ Collingwood St,49.234836,-123.182546,1670424280,-134,1670424280
13276122,300,11-23-2022,-118,6612,1669214814,1669214814,30,Westbound W 41 Ave @ Collingwood St,49.234836,-123.182546,1669214696,-118,1669214696
13276162,116,12-06-2022,-114,6612,1670361371,1670361371,21,Westbound W 16 Ave @ Balaclava St,49.257904,-123.17458,1670361257,-114,1670361257
13276162,116,12-02-2022,-147,6612,1670015771,1670015771,21,Westbound W 16 Ave @ Balaclava St,49.257904,-123.17458,1670015624,-147,1670015624
13276162,116,11-25-2022,-111,6612,1669410971,1669410971,21,Westbound W 16 Ave @ Balaclava St,49.257904,-123.17458,1669410860,-111,1669410860
13276122,300,11-24-2022,-125,6612,1669301214,1669301214,30,Westbound W 41 Ave @ Collingwood St,49.234836,-123.182546,1669301089,-125,1669301089
13276219,114,11-30-2022,-132,6612,1669858207,1669858207,19,Westbound W 16 Ave @ Macdonald St,49.257816,-123.168896,1669858075,-132,1669858075
13276219,114,11-28-2022,-182,6612,1669685407,1669685407,19,Westbound W 16 Ave @ Macdonald St,49.257816,-123.168896,1669685225,-182,1669685225
13276162,116,12-01-2022,-136,6612,1669929371,1669929371,21,Westbound W 16 Ave @ Balaclava St,49.257904,-123.17458,1669929235,-136,1669929235
13276599,114,11-27-2022,-115,6612,1669577985,1669577985,19,Westbound W 16 Ave @ Macdonald St,49.257816,-123.168896,1669577870,-115,1669577870
13276141,130,11-29-2022,-133,6612,1669712258,1669712258,26,Southbound Mackenzie St @ W 37 Ave,49.238254,-123.170377,1669712125,-133,1669712125
13276645,126,11-27-2022,-114,6612,1669583495,1669583495,24,Southbound Mackenzie St @ W 29 Ave,49.245848,-123.170308,1669583381,-114,1669583381
13276124,109,11-25-2022,-117,6612,1669389050,1669389050,15,Southbound Macdonald St @ W 6th Ave,49.266274,-123.168483,1669388933,-117,1669388933
13276191,123,11-25-2022,-496,6612,1669440092,1669440092,22,Westbound W King Edward Ave @ Puget Dr,49.249627,-123.170432,1669439596,-496,1669439596
13276191,123,11-25-2022,-496,6612,1669440092,1669440092,22,Westbound W King Edward Ave @ Puget Dr,49.249627,-123.170432,1669439596,-496,1669439596
13276162,116,12-08-2022,-122,6612,1670534171,1670534171,21,Westbound W 16 Ave @ Balaclava St,49.257904,-123.17458,1670534049,-122,1670534049
13276219,116,11-23-2022,-116,6612,1669253514,1669253514,21,Westbound W 16 Ave @ Balaclava St,49.257904,-123.17458,1669253398,-116,1669253398
13276136,296,11-23-2022,-119,6612,1669242592,1669242592,27,Westbound W 41 Ave @ Mackenzie St,49.234819,-123.170795,1669242473,-119,1669242473
13276117,109,11-25-2022,-124,6612,1669392739,1669392739,15,Southbound Macdonald St @ W 6th Ave,49.266274,-123.168483,1669392615,-124,1669392615
13276117,109,12-08-2022,-250,6612,1670515939,1670515939,15,Southbound Macdonald St @ W 6th Ave,49.266274,-123.168483,1670515689,-250,1670515689
13276206,1379,12-06-2022,-197,6612,1670353820,1670353820,14,Southbound Macdonald St @ W 4th Ave,49.268064,-123.168411,1670353623,-197,1670353623
13276115,119,11-23-2022,-202,6612,1669243848,1669243848,20,Southbound Macdonald St @ W 21 Ave,49.253375,-123.16787,1669243646,-202,1669243646
13276209,299,12-02-2022,-111,6612,1670015694,1670015694,29,Westbound W 41 Ave @ Blenheim St,49.234831,-123.179103,1670015583,-111,1670015583
13276139,98,11-28-2022,-741,6612,1669707239,1669707239,6,Southbound Burrard St @ Davie St,49.278914,-123.12964,1669706498,-741,1669706498
13276139,98,11-28-2022,-741,6612,1669707239,1669707239,6,Southbound Burrard St @ Davie St,49.278914,-123.12964,1669706498,-741,1669706498
13276139,98,11-28-2022,-741,6612,1669707239,1669707239,6,Southbound Burrard St @ Davie St,49.278914,-123.12964,1669706498,-741,1669706498
13276137,296,11-29-2022,-324,6612,1669761892,1669761892,27,Westbound W 41 Ave @ Mackenzie St,49.234819,-123.170795,1669761568,-324,1669761568
13276209,299,12-05-2022,-112,6612,1670274894,1670274894,29,Westbound W 41 Ave @ Blenheim St,49.234831,-123.179103,1670274782,-112,1670274782
13276219,116,12-07-2022,-120,6612,1670463114,1670463114,21,Westbound W 16 Ave @ Balaclava St,49.257904,-123.17458,1670462994,-120,1670462994
13276136,296,12-02-2022,-111,6612,1670020192,1670020192,27,Westbound W 41 Ave @ Mackenzie St,49.234819,-123.170795,1670020081,-111,1670020081
13276136,296,12-01-2022,-120,6612,1669933792,1669933792,27,Westbound W 41 Ave @ Mackenzie St,49.234819,-123.170795,1669933672,-120,1669933672
13276209,299,11-30-2022,-197,6612,1669842894,1669842894,29,Westbound W 41 Ave @ Blenheim St,49.234831,-123.179103,1669842697,-197,1669842697
13276136,296,12-06-2022,-158,6612,1670365792,1670365792,27,Westbound W 41 Ave @ Mackenzie St,49.234819,-123.170795,1670365634,-158,1670365634
13276209,299,12-06-2022,-123,6612,1670361294,1670361294,29,Westbound W 41 Ave @ Blenheim St,49.234831,-123.179103,1670361171,-123,1670361171
13276219,116,11-30-2022,-177,6612,1669858314,1669858314,21,Westbound W 16 Ave @ Balaclava St,49.257904,-123.17458,1669858137,-177,1669858137
13276136,296,11-30-2022,-131,6612,1669847392,1669847392,27,Westbound W 41 Ave @ Mackenzie St,49.234819,-123.170795,1669847261,-131,1669847261
13276228,126,12-02-2022,-122,6612,1669995349,1669995349,24,Southbound Mackenzie St @ W 29 Ave,49.245848,-123.170308,1669995227,-122,1669995227
13276230,46,11-22-2022,-3360,6612,1669178081,1669178081,4,Southbound Burrard St @ Barclay St,49.282068,-123.12488,1669174721,-3360,1669174721
13276230,46,11-22-2022,-3360,6612,1669178081,1669178081,4,Southbound Burrard St @ Barclay St,49.282068,-123.12488,1669174721,-3360,1669174721
13276219,116,12-06-2022,-119,6612,1670376714,1670376714,21,Westbound W 16 Ave @ Balaclava St,49.257904,-123.17458,1670376595,-119,1670376595
13276219,116,11-28-2022,-136,6612,1669685514,1669685514,21,Westbound W 16 Ave @ Balaclava St,49.257904,-123.17458,1669685378,-136,1669685378
13276168,101,11-30-2022,-301,6612,1669865463,1669865463,8,Westbound Cornwall Ave @ Cypress St,49.272539,-123.148302,1669865162,-301,1669865162
13276228,126,11-25-2022,-120,6612,1669390550,1669390550,24,Southbound Mackenzie St @ W 29 Ave,49.245848,-123.170308,1669390430,-120,1669390430
13276209,299,11-23-2022,-158,6612,1669238094,1669238094,29,Westbound W 41 Ave @ Blenheim St,49.234831,-123.179103,1669237936,-158,1669237936
13276209,299,11-24-2022,-134,6612,1669324494,1669324494,29,Westbound W 41 Ave @ Blenheim St,49.234831,-123.179103,1669324360,-134,1669324360
13276136,300,12-05-2022,-143,6612,1670279565,1670279565,30,Westbound W 41 Ave @ Collingwood St,49.234836,-123.182546,1670279422,-143,1670279422
13276164,296,11-30-2022,-125,6612,1669856692,1669856692,27,Westbound W 41 Ave @ Mackenzie St,49.234819,-123.170795,1669856567,-125,1669856567
13276232,126,11-24-2022,-118,6612,1669353197,1669353197,24,Southbound Mackenzie St @ W 29 Ave,49.245848,-123.170308,1669353079,-118,1669353079
13276136,300,11-30-2022,-146,6612,1669847565,1669847565,30,Westbound W 41 Ave @ Collingwood St,49.234836,-123.182546,1669847419,-146,1669847419
13276166,300,12-01-2022,-155,6612,1669948365,1669948365,30,Westbound W 41 Ave @ Collingwood St,49.234836,-123.182546,1669948210,-155,1669948210
13276164,296,12-06-2022,-132,6612,1670375092,1670375092,27,Westbound W 41 Ave @ Mackenzie St,49.234819,-123.170795,1670374960,-132,1670374960
13276136,300,12-01-2022,-175,6612,1669933965,1669933965,30,Westbound W 41 Ave @ Collingwood St,49.234836,-123.182546,1669933790,-175,1669933790
13276141,126,12-07-2022,-152,6612,1670403330,1670403330,24,Southbound Mackenzie St @ W 29 Ave,49.245848,-123.170308,1670403178,-152,1670403178
13276166,300,11-29-2022,-120,6612,1669775565,1669775565,30,Westbound W 41 Ave @ Collingwood St,49.234836,-123.182546,1669775445,-120,1669775445
13276202,54,12-06-2022,-212,6612,1670355411,1670355411,22,Eastbound W 16 Ave @ Trutch St,49.257636,-123.175459,1670355199,-212,1670355199
13276141,126,11-29-2022,-120,6612,1669712130,1669712130,24,Southbound Mackenzie St @ W 29 Ave,49.245848,-123.170308,1669712010,-120,1669712010
13276164,296,11-23-2022,-124,6612,1669251892,1669251892,27,Westbound W 41 Ave @ Mackenzie St,49.234819,-123.170795,1669251768,-124,1669251768
13276202,54,12-05-2022,-128,6612,1670269011,1670269011,22,Eastbound W 16 Ave @ Trutch St,49.257636,-123.175459,1670268883,-128,1670268883
13276136,300,12-02-2022,-157,6612,1670020365,1670020365,30,Westbound W 41 Ave @ Collingwood St,49.234836,-123.182546,1670020208,-157,1670020208
13276166,300,11-23-2022,-124,6612,1669257165,1669257165,30,Westbound W 41 Ave @ Collingwood St,49.234836,-123.182546,1669257041,-124,1669257041
13276120,128,11-29-2022,-116,6612,1669730401,1669730401,25,Southbound Mackenzie St @ W 33 Ave,49.241997,-123.170345,1669730285,-116,1669730285
13276166,300,11-30-2022,-153,6612,1669861965,1669861965,30,Westbound W 41 Ave @ Collingwood St,49.234836,-123.182546,1669861812,-153,1669861812
13276202,54,11-28-2022,-311,6612,1669664211,1669664211,22,Eastbound W 16 Ave @ Trutch St,49.257636,-123.175459,1669663900,-311,1669663900
13276202,54,11-28-2022,-311,6612,1669664211,1669664211,22,Eastbound W 16 Ave @ Trutch St,49.257636,-123.175459,1669663900,-311,1669663900
13276202,54,11-28-2022,-311,6612,1669664211,1669664211,22,Eastbound W 16 Ave @ Trutch St,49.257636,-123.175459,1669663900,-311,1669663900
13276202,54,11-28-2022,-311,6612,1669664211,1669664211,22,Eastbound W 16 Ave @ Trutch St,49.257636,-123.175459,1669663900,-311,1669663900
13276199,109,11-28-2022,-129,6612,1669661463,1669661463,15,Southbound Macdonald St @ W 6th Ave,49.266274,-123.168483,1669661334,-129,1669661334
13276199,109,12-05-2022,-124,6612,1670266263,1670266263,15,Southbound Macdonald St @ W 6th Ave,49.266274,-123.168483,1670266139,-124,1670266139
13276215,47,12-06-2022,-118,6612,1670371712,1670371712,5,Southbound Burrard St @ Nelson St,49.280981,-123.126516,1670371594,-118,1670371594
13276141,126,12-06-2022,-115,6612,1670316930,1670316930,24,Southbound Mackenzie St @ W 29 Ave,49.245848,-123.170308,1670316815,-115,1670316815
13276166,300,12-02-2022,-116,6612,1670034765,1670034765,30,Westbound W 41 Ave @ Collingwood St,49.234836,-123.182546,1670034649,-116,1670034649
13276166,300,11-22-2022,-242,6612,1669170765,1669170765,30,Westbound W 41 Ave @ Collingwood St,49.234836,-123.182546,1669170523,-242,1669170523
13276166,300,11-28-2022,-144,6612,1669689165,1669689165,30,Westbound W 41 Ave @ Collingwood St,49.234836,-123.182546,1669689021,-144,1669689021
13276232,126,11-23-2022,-3412,6612,1669266797,1669266797,24,Southbound Mackenzie St @ W 29 Ave,49.245848,-123.170308,1669263385,-3412,1669263385
13276232,126,11-23-2022,-3412,6612,1669266797,1669266797,24,Southbound Mackenzie St @ W 29 Ave,49.245848,-123.170308,1669263385,-3412,1669263385
13276120,128,12-02-2022,-130,6612,1669989601,1669989601,25,Southbound Mackenzie St @ W 33 Ave,49.241997,-123.170345,1669989471,-130,1669989471
13276202,54,11-25-2022,-146,6612,1669405011,1669405011,22,Eastbound W 16 Ave @ Trutch St,49.257636,-123.175459,1669404865,-146,1669404865
13276202,54,12-08-2022,-117,6612,1670528211,1670528211,22,Eastbound W 16 Ave @ Trutch St,49.257636,-123.175459,1670528094,-117,1670528094
13276166,300,11-25-2022,-116,6612,1669429965,1669429965,30,Westbound W 41 Ave @ Collingwood St,49.234836,-123.182546,1669429849,-116,1669429849
13276202,54,11-24-2022,-142,6612,1669318611,1669318611,22,Eastbound W 16 Ave @ Trutch St,49.257636,-123.175459,1669318469,-142,1669318469
13276136,300,11-23-2022,-167,6612,1669242765,1669242765,30,Westbound W 41 Ave @ Collingwood St,49.234836,-123.182546,1669242598,-167,1669242598
13276136,300,12-06-2022,-137,6612,1670365965,1670365965,30,Westbound W 41 Ave @ Collingwood St,49.234836,-123.182546,1670365828,-137,1670365828
13276234,55,11-29-2022,-113,6612,1669778340,1669778340,23,Eastbound W 16 Ave @ Carnarvon St,49.257583,-123.17185,1669778227,-113,1669778227
13276147,300,12-02-2022,-121,6612,1670030385,1670030385,30,Westbound W 41 Ave @ Collingwood St,49.234836,-123.182546,1670030264,-121,1670030264
13276224,646,11-25-2022,-122,6612,1669419960,1669419960,31,Dunbar Loop @ Bay 2,49.234593,-123.18575,1669419838,-122,1669419838
13276146,110,12-08-2022,-155,6612,1670549982,1670549982,16,Southbound Macdonald St @ W Broadway,49.264268,-123.168373,1670549827,-155,1670549827
13276234,55,11-28-2022,-114,6612,1669691940,1669691940,23,Eastbound W 16 Ave @ Carnarvon St,49.257583,-123.17185,1669691826,-114,1669691826
13276224,646,11-23-2022,-111,6612,1669247160,1669247160,31,Dunbar Loop @ Bay 2,49.234593,-123.18575,1669247049,-111,1669247049
13276206,54,12-06-2022,-153,6612,1670354211,1670354211,22,Eastbound W 16 Ave @ Trutch St,49.257636,-123.175459,1670354058,-153,1670354058
13276234,55,12-07-2022,-433,6612,1670469540,1670469540,23,Eastbound W 16 Ave @ Carnarvon St,49.257583,-123.17185,1670469107,-433,1670469107
13276657,128,12-05-2022,-154,6612,1670227381,1670227381,25,Southbound Mackenzie St @ W 33 Ave,49.241997,-123.170345,1670227227,-154,1670227227
13276146,110,11-25-2022,-122,6612,1669426782,1669426782,16,Southbound Macdonald St @ W Broadway,49.264268,-123.168373,1669426660,-122,1669426660
13276234,55,11-25-2022,-122,6612,1669432740,1669432740,23,Eastbound W 16 Ave @ Carnarvon St,49.257583,-123.17185,1669432618,-122,1669432618
13276654,115,11-28-2022,-129,6612,1669627973,1669627973,20,Westbound W 16 Ave @ Mackenzie St,49.257839,-123.170777,1669627844,-129,1669627844
13276146,110,12-05-2022,-129,6612,1670290782,1670290782,16,Southbound Macdonald St @ W Broadway,49.264268,-123.168373,1670290653,-129,1670290653
13276206,54,12-05-2022,-120,6612,1670267811,1670267811,22,Eastbound W 16 Ave @ Trutch St,49.257636,-123.175459,1670267691,-120,1670267691
13276146,110,11-23-2022,-144,6612,1669253982,1669253982,16,Southbound Macdonald St @ W Broadway,49.264268,-123.168373,1669253838,-144,1669253838
13276194,296,12-02-2022,-176,6612,1670025232,1670025232,27,Westbound W 41 Ave @ Mackenzie St,49.234819,-123.170795,1670025056,-176,1670025056
13276125,124,11-29-2022,-134,6612,1669735592,1669735592,23,Southbound Quesnel Dr @ W King Edward Ave,49.249603,-123.171914,1669735458,-134,1669735458
13276146,110,11-29-2022,-135,6612,1669772382,1669772382,16,Southbound Macdonald St @ W Broadway,49.264268,-123.168373,1669772247,-135,1669772247
13276657,128,12-04-2022,-250,6612,1670227381,1670227381,25,Southbound Mackenzie St @ W 33 Ave,49.241997,-123.170345,1670227131,-250,1670227131
13276224,646,11-30-2022,-126,6612,1669851960,1669851960,31,Dunbar Loop @ Bay 2,49.234593,-123.18575,1669851834,-126,1669851834
13276234,55,12-01-2022,-141,6612,1669951140,1669951140,23,Eastbound W 16 Ave @ Carnarvon St,49.257583,-123.17185,1669950999,-141,1669950999
13276224,646,12-02-2022,-135,6612,1670024760,1670024760,31,Dunbar Loop @ Bay 2,49.234593,-123.18575,1670024625,-135,1670024625
13276194,296,12-06-2022,-132,6612,1670370832,1670370832,27,Westbound W 41 Ave @ Mackenzie St,49.234819,-123.170795,1670370700,-132,1670370700
13276224,646,11-24-2022,-139,6612,1669333560,1669333560,31,Dunbar Loop @ Bay 2,49.234593,-123.18575,1669333421,-139,1669333421
13276206,54,11-29-2022,-140,6612,1669749411,1669749411,22,Eastbound W 16 Ave @ Trutch St,49.257636,-123.175459,1669749271,-140,1669749271
13276203,109,11-28-2022,-175,6612,1669665063,1669665063,15,Southbound Macdonald St @ W 6th Ave,49.266274,-123.168483,1669664888,-175,1669664888
13276144,123,11-30-2022,-137,6612,1669850550,1669850550,22,Westbound W King Edward Ave @ Puget Dr,49.249627,-123.170432,1669850413,-137,1669850413
13276146,110,12-06-2022,-113,6612,1670377182,1670377182,16,Southbound Macdonald St @ W Broadway,49.264268,-123.168373,1670377069,-113,1670377069
13276155,111,12-06-2022,-221,6612,1670344190,1670344190,17,Southbound Macdonald St @ W 11 Ave,49.261885,-123.16835,1670343969,-221,1670343969
13276203,109,11-23-2022,-129,6612,1669233063,1669233063,15,Southbound Macdonald St @ W 6th Ave,49.266274,-123.168483,1669232934,-129,1669232934
13276234,55,11-22-2022,-368,6612,1669173540,1669173540,23,Eastbound W 16 Ave @ Carnarvon St,49.257583,-123.17185,1669173172,-368,1669173172
13276654,115,12-05-2022,-131,6612,1670232773,1670232773,20,Westbound W 16 Ave @ Mackenzie St,49.257839,-123.170777,1670232642,-131,1670232642
13276234,55,11-30-2022,-132,6612,1669864740,1669864740,23,Eastbound W 16 Ave @ Carnarvon St,49.257583,-123.17185,1669864608,-132,1669864608
13276203,109,11-25-2022,-112,6612,1669405863,1669405863,15,Southbound Macdonald St @ W 6th Ave,49.266274,-123.168483,1669405751,-112,1669405751
13276146,110,11-30-2022,-124,6612,1669858782,1669858782,16,Southbound Macdonald St @ W Broadway,49.264268,-123.168373,1669858658,-124,1669858658
13276206,54,11-28-2022,-112,6612,1669663011,1669663011,22,Eastbound W 16 Ave @ Trutch St,49.257636,-123.175459,1669662899,-112,1669662899
13276234,55,11-23-2022,-118,6612,1669259940,1669259940,23,Eastbound W 16 Ave @ Carnarvon St,49.257583,-123.17185,1669259822,-118,1669259822
13276147,300,11-24-2022,-176,6612,1669339185,1669339185,30,Westbound W 41 Ave @ Collingwood St,49.234836,-123.182546,1669339009,-176,1669339009
13276168,47,11-30-2022,-323,6612,1669865128,1669865128,5,Southbound Burrard St @ Nelson St,49.280981,-123.126516,1669864805,-323,1669864805
13276138,296,11-22-2022,-130,6612,1669188997,1669188997,27,Westbound W 41 Ave @ Mackenzie St,49.234819,-123.170795,1669188867,-130,1669188867
13276138,296,11-23-2022,-126,6612,1669275397,1669275397,27,Westbound W 41 Ave @ Mackenzie St,49.234819,-123.170795,1669275271,-126,1669275271
13276226,299,12-05-2022,-154,6612,1670294753,1670294753,29,Westbound W 41 Ave @ Blenheim St,49.234831,-123.179103,1670294599,-154,1670294599
13276186,55,11-23-2022,-130,6612,1669243620,1669243620,23,Eastbound W 16 Ave @ Carnarvon St,49.257583,-123.17185,1669243490,-130,1669243490
13276217,55,11-30-2022,-246,6612,1669856100,1669856100,23,Eastbound W 16 Ave @ Carnarvon St,49.257583,-123.17185,1669855854,-246,1669855854
13276217,55,11-30-2022,-246,6612,1669856100,1669856100,23,Eastbound W 16 Ave @ Carnarvon St,49.257583,-123.17185,1669855854,-246,1669855854
13276215,101,12-06-2022,-182,6612,1670372150,1670372150,8,Westbound Cornwall Ave @ Cypress St,49.272539,-123.148302,1670371968,-182,1670371968
13276186,55,12-05-2022,-124,6612,1670280420,1670280420,23,Eastbound W 16 Ave @ Carnarvon St,49.257583,-123.17185,1670280296,-124,1670280296
13276186,55,11-28-2022,-144,6612,1669675620,1669675620,23,Eastbound W 16 Ave @ Carnarvon St,49.257583,-123.17185,1669675476,-144,1669675476
13276138,296,12-06-2022,-116,6612,1670398597,1670398597,27,Westbound W 41 Ave @ Mackenzie St,49.234819,-123.170795,1670398481,-116,1670398481
13276217,55,11-23-2022,-134,6612,1669251300,1669251300,23,Eastbound W 16 Ave @ Carnarvon St,49.257583,-123.17185,1669251166,-134,1669251166
13276138,296,12-05-2022,-112,6612,1670312197,1670312197,27,Westbound W 41 Ave @ Mackenzie St,49.234819,-123.170795,1670312085,-112,1670312085
13276138,296,12-07-2022,-131,6612,1670484997,1670484997,27,Westbound W 41 Ave @ Mackenzie St,49.234819,-123.170795,1670484866,-131,1670484866
13339357,296,11-27-2022,-122,6612,1669605475,1669605475,27,Westbound W 41 Ave @ Mackenzie St,49.234819,-123.170795,1669605353,-122,1669605353
13276226,299,11-28-2022,-113,6612,1669689953,1669689953,29,Westbound W 41 Ave @ Blenheim St,49.234831,-123.179103,1669689840,-113,1669689840
13276197,104,12-05-2022,-180,6612,1670263956,1670263956,10,Westbound Cornwall Ave @ Yew St,49.272645,-123.155439,1670263776,-180,1670263776
13276191,101,11-25-2022,-432,6612,1669439410,1669439410,8,Westbound Cornwall Ave @ Cypress St,49.272539,-123.148302,1669438978,-432,1669438978
13276191,101,11-25-2022,-432,6612,1669439410,1669439410,8,Westbound Cornwall Ave @ Cypress St,49.272539,-123.148302,1669438978,-432,1669438978
13276215,1379,12-05-2022,-127,6612,1670286181,1670286181,14,Southbound Macdonald St @ W 4th Ave,49.268064,-123.168411,1670286054,-127,1670286054
13276234,12494,12-07-2022,-169,6612,1670468351,1670468351,7,Southbound Burrard St @ Harwood St,49.277837,-123.131265,1670468182,-169,1670468182
13276212,55,11-25-2022,-146,6612,1669413480,1669413480,23,Eastbound W 16 Ave @ Carnarvon St,49.257583,-123.17185,1669413334,-146,1669413334
13276658,646,11-28-2022,-121,6612,1669629360,1669629360,31,Dunbar Loop @ Bay 2,49.234593,-123.18575,1669629239,-121,1669629239
13276418,128,12-04-2022,-177,6612,1670147844,1670147844,25,Southbound Mackenzie St @ W 33 Ave,49.241997,-123.170345,1670147667,-177,1670147667
13276377,646,11-27-2022,-117,6612,1669537380,1669537380,31,Dunbar Loop @ Bay 2,49.234593,-123.18575,1669537263,-117,1669537263
13276218,106,12-05-2022,-118,6612,1670288263,1670288263,12,Westbound Cornwall Ave @ Trafalgar St,49.272799,-123.164636,1670288145,-118,1670288145
13276212,55,12-06-2022,-137,6612,1670363880,1670363880,23,Eastbound W 16 Ave @ Carnarvon St,49.257583,-123.17185,1670363743,-137,1670363743
13276141,128,12-07-2022,-166,6612,1670403395,1670403395,25,Southbound Mackenzie St @ W 33 Ave,49.241997,-123.170345,1670403229,-166,1670403229
13276141,128,11-29-2022,-134,6612,1669712195,1669712195,25,Southbound Mackenzie St @ W 33 Ave,49.241997,-123.170345,1669712061,-134,1669712061
13276215,1379,11-29-2022,-305,6612,1669767781,1669767781,14,Southbound Macdonald St @ W 4th Ave,49.268064,-123.168411,1669767476,-305,1669767476
13276658,646,12-05-2022,-113,6612,1670234160,1670234160,31,Dunbar Loop @ Bay 2,49.234593,-123.18575,1670234047,-113,1670234047
13276377,646,12-04-2022,-197,6612,1670142180,1670142180,31,Dunbar Loop @ Bay 2,49.234593,-123.18575,1670141983,-197,1670141983
13276141,128,12-06-2022,-129,6612,1670316995,1670316995,25,Southbound Mackenzie St @ W 33 Ave,49.241997,-123.170345,1670316866,-129,1670316866
13276648,300,12-04-2022,-180,6612,1670185068,1670185068,30,Westbound W 41 Ave @ Collingwood St,49.234836,-123.182546,1670184888,-180,1670184888
13276215,1379,12-06-2022,-114,6612,1670372581,1670372581,14,Southbound Macdonald St @ W 4th Ave,49.268064,-123.168411,1670372467,-114,1670372467
13276198,116,12-05-2022,-137,6612,1670265371,1670265371,21,Westbound W 16 Ave @ Balaclava St,49.257904,-123.17458,1670265234,-137,1670265234
13276184,112,12-06-2022,-121,6612,1670367451,1670367451,18,Southbound Macdonald St @ W 13 Ave,49.260226,-123.168421,1670367330,-121,1670367330
13276198,116,12-08-2022,-122,6612,1670524571,1670524571,21,Westbound W 16 Ave @ Balaclava St,49.257904,-123.17458,1670524449,-122,1670524449
13276198,116,11-25-2022,-151,6612,1669401371,1669401371,21,Westbound W 16 Ave @ Balaclava St,49.257904,-123.17458,1669401220,-151,1669401220
13276198,116,11-24-2022,-113,6612,1669314971,1669314971,21,Westbound W 16 Ave @ Balaclava St,49.257904,-123.17458,1669314858,-113,1669314858
13276198,116,12-07-2022,-137,6612,1670438171,1670438171,21,Westbound W 16 Ave @ Balaclava St,49.257904,-123.17458,1670438034,-137,1670438034
13276197,98,12-05-2022,-163,6612,1670263585,1670263585,6,Southbound Burrard St @ Davie St,49.278914,-123.12964,1670263422,-163,1670263422
13276164,128,11-23-2022,-169,6612,1669251725,1669251725,25,Southbound Mackenzie St @ W 33 Ave,49.241997,-123.170345,1669251556,-169,1669251556
13276239,12671,11-24-2022,-149,6612,1669354636,1669354636,28,Westbound W 41 Ave @ Carnarvon St,49.234826,-123.174148,1669354487,-149,1669354487
13276168,110,11-30-2022,-315,6612,1669865865,1669865865,16,Southbound Macdonald St @ W Broadway,49.264268,-123.168373,1669865550,-315,1669865550
13276184,112,12-02-2022,-118,6612,1670021851,1670021851,18,Southbound Macdonald St @ W 13 Ave,49.260226,-123.168421,1670021733,-118,1670021733
13276207,107,12-07-2022,-130,6612,1670444955,1670444955,13,Southbound Macdonald St @ W 1st Ave,49.270753,-123.168323,1670444825,-130,1670444825
13276132,109,12-06-2022,-120,6612,1670369703,1670369703,15,Southbound Macdonald St @ W 6th Ave,49.266274,-123.168483,1670369583,-120,1670369583
13276239,12671,12-02-2022,-139,6612,1670045836,1670045836,28,Westbound W 41 Ave @ Carnarvon St,49.234826,-123.174148,1670045697,-139,1670045697
13276198,116,12-02-2022,-128,6612,1670006171,1670006171,21,Westbound W 16 Ave @ Balaclava St,49.257904,-123.17458,1670006043,-128,1670006043
13276659,123,12-05-2022,-113,6612,1670231908,1670231908,22,Westbound W King Edward Ave @ Puget Dr,49.249627,-123.170432,1670231795,-113,1670231795
13276198,116,11-29-2022,-136,6612,1669746971,1669746971,21,Westbound W 16 Ave @ Balaclava St,49.257904,-123.17458,1669746835,-136,1669746835
13276198,116,11-23-2022,-127,6612,1669228571,1669228571,21,Westbound W 16 Ave @ Balaclava St,49.257904,-123.17458,1669228444,-127,1669228444
13276127,45,12-02-2022,-4024,6612,1669995422,1669995422,3,Southbound Burrard St @ Robson St,49.283087,-123.123336,1669991398,-4024,1669991398
13276127,45,12-02-2022,-4024,6612,1669995422,1669995422,3,Southbound Burrard St @ Robson St,49.283087,-123.123336,1669991398,-4024,1669991398
13276118,54,12-06-2022,-129,6612,1670344131,1670344131,22,Eastbound W 16 Ave @ Trutch St,49.257636,-123.175459,1670344002,-129,1670344002
13276173,55,11-28-2022,-200,6612,1669695360,1669695360,23,Eastbound W 16 Ave @ Carnarvon St,49.257583,-123.17185,1669695160,-200,1669695160
13276173,55,12-06-2022,-245,6612,1670386560,1670386560,23,Eastbound W 16 Ave @ Carnarvon St,49.257583,-123.17185,1670386315,-245,1670386315
13276173,55,12-07-2022,-3481,6612,1670472960,1670472960,23,Eastbound W 16 Ave @ Carnarvon St,49.257583,-123.17185,1670469479,-3481,1670469479
13276118,54,12-05-2022,-117,6612,1670257731,1670257731,22,Eastbound W 16 Ave @ Trutch St,49.257636,-123.175459,1670257614,-117,1670257614
13276118,54,12-01-2022,-114,6612,1669912131,1669912131,22,Eastbound W 16 Ave @ Trutch St,49.257636,-123.175459,1669912017,-114,1669912017
13276118,54,11-30-2022,-124,6612,1669825731,1669825731,22,Eastbound W 16 Ave @ Trutch St,49.257636,-123.175459,1669825607,-124,1669825607
13276118,54,12-07-2022,-139,6612,1670430531,1670430531,22,Eastbound W 16 Ave @ Trutch St,49.257636,-123.175459,1670430392,-139,1670430392
13276118,54,11-25-2022,-124,6612,1669393731,1669393731,22,Eastbound W 16 Ave @ Trutch St,49.257636,-123.175459,1669393607,-124,1669393607
13276118,54,11-24-2022,-266,6612,1669307331,1669307331,22,Eastbound W 16 Ave @ Trutch St,49.257636,-123.175459,1669307065,-266,1669307065
13276118,54,11-23-2022,-154,6612,1669220931,1669220931,22,Eastbound W 16 Ave @ Trutch St,49.257636,-123.175459,1669220777,-154,1669220777
13276173,55,11-22-2022,-121,6612,1669176960,1669176960,23,Eastbound W 16 Ave @ Carnarvon St,49.257583,-123.17185,1669176839,-121,1669176839
13276146,103,12-06-2022,-117,6612,1670376668,1670376668,9,Westbound Cornwall Ave @ Arbutus St,49.272608,-123.152989,1670376551,-117,1670376551
13276173,55,11-25-2022,-112,6612,1669436160,1669436160,23,Eastbound W 16 Ave @ Carnarvon St,49.257583,-123.17185,1669436048,-112,1669436048
13276118,54,12-08-2022,-166,6612,1670516931,1670516931,22,Eastbound W 16 Ave @ Trutch St,49.257636,-123.175459,1670516765,-166,1670516765
13276131,111,12-07-2022,-131,6612,1670431490,1670431490,17,Southbound Macdonald St @ W 11 Ave,49.261885,-123.16835,1670431359,-131,1670431359
13276198,55,11-23-2022,-122,6612,1669228680,1669228680,23,Eastbound W 16 Ave @ Carnarvon St,49.257583,-123.17185,1669228558,-122,1669228558
13276119,54,11-24-2022,-148,6612,1669309431,1669309431,22,Eastbound W 16 Ave @ Trutch St,49.257636,-123.175459,1669309283,-148,1669309283
13276151,126,12-02-2022,-176,6612,1670001575,1670001575,24,Southbound Mackenzie St @ W 29 Ave,49.245848,-123.170308,1670001399,-176,1670001399
13339257,299,11-26-2022,-210,6612,1669502442,1669502442,29,Westbound W 41 Ave @ Blenheim St,49.234831,-123.179103,1669502232,-210,1669502232
13276198,55,11-29-2022,-112,6612,1669747080,1669747080,23,Eastbound W 16 Ave @ Carnarvon St,49.257583,-123.17185,1669746968,-112,1669746968
13276145,300,12-07-2022,-145,6612,1670465985,1670465985,30,Westbound W 41 Ave @ Collingwood St,49.234836,-123.182546,1670465840,-145,1670465840
13276137,646,11-28-2022,-117,6612,1669675740,1669675740,31,Dunbar Loop @ Bay 2,49.234593,-123.18575,1669675623,-117,1669675623
13276633,114,12-05-2022,-114,6612,1670234551,1670234551,19,Westbound W 16 Ave @ Macdonald St,49.257816,-123.168896,1670234437,-114,1670234437
13276137,646,12-05-2022,-113,6612,1670280540,1670280540,31,Dunbar Loop @ Bay 2,49.234593,-123.18575,1670280427,-113,1670280427
13276198,55,12-02-2022,-142,6612,1670006280,1670006280,23,Eastbound W 16 Ave @ Carnarvon St,49.257583,-123.17185,1670006138,-142,1670006138
13276171,54,12-07-2022,-194,6612,1670434911,1670434911,22,Eastbound W 16 Ave @ Trutch St,49.257636,-123.175459,1670434717,-194,1670434717
13276119,54,12-01-2022,-147,6612,1669914231,1669914231,22,Eastbound W 16 Ave @ Trutch St,49.257636,-123.175459,1669914084,-147,1669914084
13276171,54,11-24-2022,-119,6612,1669311711,1669311711,22,Eastbound W 16 Ave @ Trutch St,49.257636,-123.175459,1669311592,-119,1669311592
13276171,54,11-29-2022,-128,6612,1669743711,1669743711,22,Eastbound W 16 Ave @ Trutch St,49.257636,-123.175459,1669743583,-128,1669743583
13276243,296,11-28-2022,-123,6612,1669704697,1669704697,27,Westbound W 41 Ave @ Mackenzie St,49.234819,-123.170795,1669704574,-123,1669704574
13276145,300,11-30-2022,-136,6612,1669861185,1669861185,30,Westbound W 41 Ave @ Collingwood St,49.234836,-123.182546,1669861049,-136,1669861049
13276198,55,11-24-2022,-130,6612,1669315080,1669315080,23,Eastbound W 16 Ave @ Carnarvon St,49.257583,-123.17185,1669314950,-130,1669314950
13276119,54,11-23-2022,-118,6612,1669223031,1669223031,22,Eastbound W 16 Ave @ Trutch St,49.257636,-123.175459,1669222913,-118,1669222913
13276119,54,12-05-2022,-115,6612,1670259831,1670259831,22,Eastbound W 16 Ave @ Trutch St,49.257636,-123.175459,1670259716,-115,1670259716
13276171,54,12-06-2022,-150,6612,1670348511,1670348511,22,Eastbound W 16 Ave @ Trutch St,49.257636,-123.175459,1670348361,-150,1670348361
13276119,54,11-28-2022,-192,6612,1669655031,1669655031,22,Eastbound W 16 Ave @ Trutch St,49.257636,-123.175459,1669654839,-192,1669654839
13276119,54,11-28-2022,-192,6612,1669655031,1669655031,22,Eastbound W 16 Ave @ Trutch St,49.257636,-123.175459,1669654839,-192,1669654839
13276119,54,11-28-2022,-192,6612,1669655031,1669655031,22,Eastbound W 16 Ave @ Trutch St,49.257636,-123.175459,1669654839,-192,1669654839
13276145,300,11-28-2022,-118,6612,1669688385,1669688385,30,Westbound W 41 Ave @ Collingwood St,49.234836,-123.182546,1669688267,-118,1669688267
13276171,54,12-05-2022,-116,6612,1670262111,1670262111,22,Eastbound W 16 Ave @ Trutch St,49.257636,-123.175459,1670261995,-116,1670261995
13276145,300,12-05-2022,-177,6612,1670293185,1670293185,30,Westbound W 41 Ave @ Collingwood St,49.234836,-123.182546,1670293008,-177,1670293008
13276119,54,12-02-2022,-127,6612,1670000631,1670000631,22,Eastbound W 16 Ave @ Trutch St,49.257636,-123.175459,1670000504,-127,1670000504
13276131,111,12-01-2022,-112,6612,1669913090,1669913090,17,Southbound Macdonald St @ W 11 Ave,49.261885,-123.16835,1669912978,-112,1669912978
13276204,300,12-05-2022,-160,6612,1670271166,1670271166,30,Westbound W 41 Ave @ Collingwood St,49.234836,-123.182546,1670271006,-160,1670271006
13276633,114,11-28-2022,-126,6612,1669629751,1669629751,19,Westbound W 16 Ave @ Macdonald St,49.257816,-123.168896,1669629625,-126,1669629625
13276204,300,11-25-2022,-124,6612,1669407166,1669407166,30,Westbound W 41 Ave @ Collingwood St,49.234836,-123.182546,1669407042,-124,1669407042
13276145,300,11-29-2022,-136,6612,1669774785,1669774785,30,Westbound W 41 Ave @ Collingwood St,49.234836,-123.182546,1669774649,-136,1669774649
13276171,54,12-02-2022,-193,6612,1670002911,1670002911,22,Eastbound W 16 Ave @ Trutch St,49.257636,-123.175459,1670002718,-193,1670002718
13276184,116,12-02-2022,-118,6612,1670022011,1670022011,21,Westbound W 16 Ave @ Balaclava St,49.257904,-123.17458,1670021893,-118,1670021893
13276137,646,11-29-2022,-372,6612,1669762140,1669762140,31,Dunbar Loop @ Bay 2,49.234593,-123.18575,1669761768,-372,1669761768
13276198,55,12-05-2022,-151,6612,1670265480,1670265480,23,Eastbound W 16 Ave @ Carnarvon St,49.257583,-123.17185,1670265329,-151,1670265329
13339257,299,12-03-2022,-114,6612,1670107242,1670107242,29,Westbound W 41 Ave @ Blenheim St,49.234831,-123.179103,1670107128,-114,1670107128
13276204,300,11-28-2022,-143,6612,1669666366,1669666366,30,Westbound W 41 Ave @ Collingwood St,49.234836,-123.182546,1669666223,-143,1669666223
13276119,54,11-25-2022,-123,6612,1669395831,1669395831,22,Eastbound W 16 Ave @ Trutch St,49.257636,-123.175459,1669395708,-123,1669395708
13276119,54,12-07-2022,-142,6612,1670432631,1670432631,22,Eastbound W 16 Ave @ Trutch St,49.257636,-123.175459,1670432489,-142,1670432489
13276202,106,12-06-2022,-112,6612,1670354872,1670354872,12,Westbound Cornwall Ave @ Trafalgar St,49.272799,-123.164636,1670354760,-112,1670354760
13276119,54,11-30-2022,-132,6612,1669827831,1669827831,22,Eastbound W 16 Ave @ Trutch St,49.257636,-123.175459,1669827699,-132,1669827699
13276198,55,11-25-2022,-117,6612,1669401480,1669401480,23,Eastbound W 16 Ave @ Carnarvon St,49.257583,-123.17185,1669401363,-117,1669401363
13276202,106,11-28-2022,-213,6612,1669663672,1669663672,12,Westbound Cornwall Ave @ Trafalgar St,49.272799,-123.164636,1669663459,-213,1669663459
13276184,116,12-06-2022,-146,6612,1670367611,1670367611,21,Westbound W 16 Ave @ Balaclava St,49.257904,-123.17458,1670367465,-146,1670367465
13276171,54,11-28-2022,-112,6612,1669657311,1669657311,22,Eastbound W 16 Ave @ Trutch St,49.257636,-123.175459,1669657199,-112,1669657199
13276198,55,12-07-2022,-150,6612,1670438280,1670438280,23,Eastbound W 16 Ave @ Carnarvon St,49.257583,-123.17185,1670438130,-150,1670438130
13276198,55,12-08-2022,-135,6612,1670524680,1670524680,23,Eastbound W 16 Ave @ Carnarvon St,49.257583,-123.17185,1670524545,-135,1670524545
13276177,54,11-29-2022,-129,6612,1669774785,1669774785,22,Eastbound W 16 Ave @ Trutch St,49.257636,-123.175459,1669774656,-129,1669774656
13276177,54,12-02-2022,-132,6612,1670033985,1670033985,22,Eastbound W 16 Ave @ Trutch St,49.257636,-123.175459,1670033853,-132,1670033853
13276177,54,12-05-2022,-146,6612,1670293185,1670293185,22,Eastbound W 16 Ave @ Trutch St,49.257636,-123.175459,1670293039,-146,1670293039
13276175,116,12-05-2022,-123,6612,1670285826,1670285826,21,Westbound W 16 Ave @ Balaclava St,49.257904,-123.17458,1670285703,-123,1670285703
13276177,54,11-30-2022,-118,6612,1669861185,1669861185,22,Eastbound W 16 Ave @ Trutch St,49.257636,-123.175459,1669861067,-118,1669861067
13276175,116,12-02-2022,-321,6612,1670026626,1670026626,21,Westbound W 16 Ave @ Balaclava St,49.257904,-123.17458,1670026305,-321,1670026305
13276175,116,11-28-2022,-129,6612,1669681026,1669681026,21,Westbound W 16 Ave @ Balaclava St,49.257904,-123.17458,1669680897,-129,1669680897
13276194,300,12-07-2022,-113,6612,1670457405,1670457405,30,Westbound W 41 Ave @ Collingwood St,49.234836,-123.182546,1670457292,-113,1670457292
13276177,54,11-28-2022,-170,6612,1669688385,1669688385,22,Eastbound W 16 Ave @ Trutch St,49.257636,-123.175459,1669688215,-170,1669688215
13276648,646,12-04-2022,-180,6612,1670185140,1670185140,31,Dunbar Loop @ Bay 2,49.234593,-123.18575,1670184960,-180,1670184960
13276177,54,11-23-2022,-125,6612,1669256385,1669256385,22,Eastbound W 16 Ave @ Trutch St,49.257636,-123.175459,1669256260,-125,1669256260
13276194,300,12-06-2022,-168,6612,1670371005,1670371005,30,Westbound W 41 Ave @ Collingwood St,49.234836,-123.182546,1670370837,-168,1670370837
13276187,296,12-08-2022,-152,6612,1670550823,1670550823,27,Westbound W 41 Ave @ Mackenzie St,49.234819,-123.170795,1670550671,-152,1670550671
13276194,300,12-01-2022,-128,6612,1669939005,1669939005,30,Westbound W 41 Ave @ Collingwood St,49.234836,-123.182546,1669938877,-128,1669938877
13339254,128,11-26-2022,-155,6612,1669498385,1669498385,25,Southbound Mackenzie St @ W 33 Ave,49.241997,-123.170345,1669498230,-155,1669498230
13276155,114,12-06-2022,-235,6612,1670344299,1670344299,19,Westbound W 16 Ave @ Macdonald St,49.257816,-123.168896,1670344064,-235,1670344064
13276182,128,12-06-2022,-114,6612,1670368325,1670368325,25,Southbound Mackenzie St @ W 33 Ave,49.241997,-123.170345,1670368211,-114,1670368211
13276675,111,11-27-2022,-154,6612,1669579081,1669579081,17,Southbound Macdonald St @ W 11 Ave,49.261885,-123.16835,1669578927,-154,1669578927
13276194,300,12-02-2022,-214,6612,1670025405,1670025405,30,Westbound W 41 Ave @ Collingwood St,49.234836,-123.182546,1670025191,-214,1670025191
13276177,54,11-24-2022,-156,6612,1669342785,1669342785,22,Eastbound W 16 Ave @ Trutch St,49.257636,-123.175459,1669342629,-156,1669342629
13276197,119,12-05-2022,-237,6612,1670264477,1670264477,20,Southbound Macdonald St @ W 21 Ave,49.253375,-123.16787,1670264240,-237,1670264240
13276162,112,11-23-2022,-155,6612,1669238011,1669238011,18,Southbound Macdonald St @ W 13 Ave,49.260226,-123.168421,1669237856,-155,1669237856
13276229,116,11-23-2022,-114,6612,1669258083,1669258083,21,Westbound W 16 Ave @ Balaclava St,49.257904,-123.17458,1669257969,-114,1669257969
13276185,107,12-02-2022,-122,6612,1670022495,1670022495,13,Southbound Macdonald St @ W 1st Ave,49.270753,-123.168323,1670022373,-122,1670022373
13276192,130,12-07-2022,-120,6612,1670438881,1670438881,26,Southbound Mackenzie St @ W 37 Ave,49.238254,-123.170377,1670438761,-120,1670438761
13276192,130,11-23-2022,-115,6612,1669229281,1669229281,26,Southbound Mackenzie St @ W 37 Ave,49.238254,-123.170377,1669229166,-115,1669229166
13276180,109,11-30-2022,-112,6612,1669846203,1669846203,15,Southbound Macdonald St @ W 6th Ave,49.266274,-123.168483,1669846091,-112,1669846091
13276129,646,12-08-2022,-186,6612,1670517000,1670517000,31,Dunbar Loop @ Bay 2,49.234593,-123.18575,1670516814,-186,1670516814
13276229,116,11-28-2022,-121,6612,1669690083,1669690083,21,Westbound W 16 Ave @ Balaclava St,49.257904,-123.17458,1669689962,-121,1669689962
13276140,300,12-07-2022,-133,6612,1670401917,1670401917,30,Westbound W 41 Ave @ Collingwood St,49.234836,-123.182546,1670401784,-133,1670401784
13276162,112,11-29-2022,-114,6612,1669756411,1669756411,18,Southbound Macdonald St @ W 13 Ave,49.260226,-123.168421,1669756297,-114,1669756297
13276140,300,11-29-2022,-134,6612,1669710717,1669710717,30,Westbound W 41 Ave @ Collingwood St,49.234836,-123.182546,1669710583,-134,1669710583
13276174,299,12-05-2022,-149,6612,1670292414,1670292414,29,Westbound W 41 Ave @ Blenheim St,49.234831,-123.179103,1670292265,-149,1670292265
13276229,116,11-29-2022,-137,6612,1669776483,1669776483,21,Westbound W 16 Ave @ Balaclava St,49.257904,-123.17458,1669776346,-137,1669776346
13276162,112,12-02-2022,-118,6612,1670015611,1670015611,18,Southbound Macdonald St @ W 13 Ave,49.260226,-123.168421,1670015493,-118,1670015493
13276185,107,11-30-2022,-120,6612,1669849695,1669849695,13,Southbound Macdonald St @ W 1st Ave,49.270753,-123.168323,1669849575,-120,1669849575
13276229,116,11-30-2022,-150,6612,1669862883,1669862883,21,Westbound W 16 Ave @ Balaclava St,49.257904,-123.17458,1669862733,-150,1669862733
13276162,112,12-06-2022,-129,6612,1670361211,1670361211,18,Southbound Macdonald St @ W 13 Ave,49.260226,-123.168421,1670361082,-129,1670361082
13276229,116,11-25-2022,-118,6612,1669430883,1669430883,21,Westbound W 16 Ave @ Balaclava St,49.257904,-123.17458,1669430765,-118,1669430765
13276185,107,11-28-2022,-128,6612,1669676895,1669676895,13,Southbound Macdonald St @ W 1st Ave,49.270753,-123.168323,1669676767,-128,1669676767
13276244,296,12-07-2022,-124,6612,1670483197,1670483197,27,Westbound W 41 Ave @ Mackenzie St,49.234819,-123.170795,1670483073,-124,1670483073
13276379,296,12-04-2022,-133,6612,1670143777,1670143777,27,Westbound W 41 Ave @ Mackenzie St,49.234819,-123.170795,1670143644,-133,1670143644
13276117,101,12-08-2022,-136,6612,1670515498,1670515498,8,Westbound Cornwall Ave @ Cypress St,49.272539,-123.148302,1670515362,-136,1670515362
13276192,130,11-25-2022,-199,6612,1669402081,1669402081,26,Southbound Mackenzie St @ W 37 Ave,49.238254,-123.170377,1669401882,-199,1669401882
13276140,300,12-06-2022,-140,6612,1670315517,1670315517,30,Westbound W 41 Ave @ Collingwood St,49.234836,-123.182546,1670315377,-140,1670315377
13276162,112,12-08-2022,-115,6612,1670534011,1670534011,18,Southbound Macdonald St @ W 13 Ave,49.260226,-123.168421,1670533896,-115,1670533896
13276192,130,11-29-2022,-205,6612,1669747681,1669747681,26,Southbound Mackenzie St @ W 37 Ave,49.238254,-123.170377,1669747476,-205,1669747476
13276140,300,12-08-2022,-194,6612,1670488317,1670488317,30,Westbound W 41 Ave @ Collingwood St,49.234836,-123.182546,1670488123,-194,1670488123
13276180,109,11-23-2022,-127,6612,1669241403,1669241403,15,Southbound Macdonald St @ W 6th Ave,49.266274,-123.168483,1669241276,-127,1669241276
13276229,116,12-02-2022,-115,6612,1670035683,1670035683,21,Westbound W 16 Ave @ Balaclava St,49.257904,-123.17458,1670035568,-115,1670035568
13339361,54,11-27-2022,-114,6612,1669609255,1669609255,22,Eastbound W 16 Ave @ Trutch St,49.257636,-123.175459,1669609141,-114,1669609141
13276148,115,11-30-2022,-420,6612,1669855201,1669855201,20,Westbound W 16 Ave @ Mackenzie St,49.257839,-123.170777,1669854781,-420,1669854781
13276176,300,12-07-2022,-157,6612,1670458062,1670458062,30,Westbound W 41 Ave @ Collingwood St,49.234836,-123.182546,1670457905,-157,1670457905
13276225,106,11-30-2022,-180,6612,1669850392,1669850392,12,Westbound Cornwall Ave @ Trafalgar St,49.272799,-123.164636,1669850212,-180,1669850212
13276154,109,12-02-2022,-135,6612,1669999083,1669999083,15,Southbound Macdonald St @ W 6th Ave,49.266274,-123.168483,1669998948,-135,1669998948
13276176,300,11-29-2022,-111,6612,1669766862,1669766862,30,Westbound W 41 Ave @ Collingwood St,49.234836,-123.182546,1669766751,-111,1669766751
13276176,300,12-08-2022,-153,6612,1670544462,1670544462,30,Westbound W 41 Ave @ Collingwood St,49.234836,-123.182546,1670544309,-153,1670544309
13276170,101,12-02-2022,-185,6612,1670019445,1670019445,8,Westbound Cornwall Ave @ Cypress St,49.272539,-123.148302,1670019260,-185,1670019260
13276240,300,12-05-2022,-116,6612,1670306334,1670306334,30,Westbound W 41 Ave @ Collingwood St,49.234836,-123.182546,1670306218,-116,1670306218
13276172,54,12-02-2022,-114,6612,1670003871,1670003871,22,Eastbound W 16 Ave @ Trutch St,49.257636,-123.175459,1670003757,-114,1670003757
13276176,300,11-23-2022,-159,6612,1669248463,1669248463,30,Westbound W 41 Ave @ Collingwood St,49.234836,-123.182546,1669248304,-159,1669248304
13276171,110,12-02-2022,-119,6612,1670002611,1670002611,16,Southbound Macdonald St @ W Broadway,49.264268,-123.168373,1670002492,-119,1670002492
13276180,116,12-06-2022,-177,6612,1670364911,1670364911,21,Westbound W 16 Ave @ Balaclava St,49.257904,-123.17458,1670364734,-177,1670364734
13276171,110,12-07-2022,-133,6612,1670434611,1670434611,16,Southbound Macdonald St @ W Broadway,49.264268,-123.168373,1670434478,-133,1670434478
13276172,54,11-28-2022,-165,6612,1669658271,1669658271,22,Eastbound W 16 Ave @ Trutch St,49.257636,-123.175459,1669658106,-165,1669658106
13276171,110,11-24-2022,-139,6612,1669311411,1669311411,16,Southbound Macdonald St @ W Broadway,49.264268,-123.168373,1669311272,-139,1669311272
13276180,116,12-07-2022,-120,6612,1670451311,1670451311,21,Westbound W 16 Ave @ Balaclava St,49.257904,-123.17458,1670451191,-120,1670451191
13276180,116,11-23-2022,-157,6612,1669241711,1669241711,21,Westbound W 16 Ave @ Balaclava St,49.257904,-123.17458,1669241554,-157,1669241554
13276176,300,11-24-2022,-111,6612,1669334863,1669334863,30,Westbound W 41 Ave @ Collingwood St,49.234836,-123.182546,1669334752,-111,1669334752
13339278,46,12-04-2022,-223,6612,1670144861,1670144861,4,Southbound Burrard St @ Barclay St,49.282068,-123.12488,1670144638,-223,1670144638
13339278,46,12-04-2022,-223,6612,1670144861,1670144861,4,Southbound Burrard St @ Barclay St,49.282068,-123.12488,1670144638,-223,1670144638
13276240,300,11-29-2022,-119,6612,1669787934,1669787934,30,Westbound W 41 Ave @ Collingwood St,49.234836,-123.182546,1669787815,-119,1669787815
13276180,116,11-30-2022,-142,6612,1669846511,1669846511,21,Westbound W 16 Ave @ Balaclava St,49.257904,-123.17458,1669846369,-142,1669846369
13276180,116,11-28-2022,-127,6612,1669673711,1669673711,21,Westbound W 16 Ave @ Balaclava St,49.257904,-123.17458,1669673584,-127,1669673584
13276176,300,11-30-2022,-153,6612,1669853262,1669853262,30,Westbound W 41 Ave @ Collingwood St,49.234836,-123.182546,1669853109,-153,1669853109
13276176,300,12-02-2022,-113,6612,1670026062,1670026062,30,Westbound W 41 Ave @ Collingwood St,49.234836,-123.182546,1670025949,-113,1670025949
13276225,106,11-23-2022,-143,6612,1669245592,1669245592,12,Westbound Cornwall Ave @ Trafalgar St,49.272799,-123.164636,1669245449,-143,1669245449
13276172,54,12-06-2022,-126,6612,1670349471,1670349471,22,Eastbound W 16 Ave @ Trutch St,49.257636,-123.175459,1670349345,-126,1670349345
13276172,54,12-06-2022,-126,6612,1670349471,1670349471,22,Eastbound W 16 Ave @ Trutch St,49.257636,-123.175459,1670349345,-126,1670349345
13276172,54,12-06-2022,-126,6612,1670349471,1670349471,22,Eastbound W 16 Ave @ Trutch St,49.257636,-123.175459,1670349345,-126,1670349345
13276363,54,12-03-2022,-123,6612,1670101133,1670101133,22,Eastbound W 16 Ave @ Trutch St,49.257636,-123.175459,1670101010,-123,1670101010
13276172,54,11-29-2022,-117,6612,1669744671,1669744671,22,Eastbound W 16 Ave @ Trutch St,49.257636,-123.175459,1669744554,-117,1669744554
13276172,54,12-07-2022,-162,6612,1670435871,1670435871,22,Eastbound W 16 Ave @ Trutch St,49.257636,-123.175459,1670435709,-162,1670435709
13276172,54,11-23-2022,-114,6612,1669226271,1669226271,22,Eastbound W 16 Ave @ Trutch St,49.257636,-123.175459,1669226157,-114,1669226157
13276148,115,11-25-2022,-126,6612,1669423201,1669423201,20,Westbound W 16 Ave @ Mackenzie St,49.257839,-123.170777,1669423075,-126,1669423075
13276154,109,11-29-2022,-154,6612,1669739883,1669739883,15,Southbound Macdonald St @ W 6th Ave,49.266274,-123.168483,1669739729,-154,1669739729
13276154,109,11-28-2022,-124,6612,1669653483,1669653483,15,Southbound Macdonald St @ W 6th Ave,49.266274,-123.168483,1669653359,-124,1669653359
13276176,300,11-25-2022,-143,6612,1669421262,1669421262,30,Westbound W 41 Ave @ Collingwood St,49.234836,-123.182546,1669421119,-143,1669421119
13276235,115,11-28-2022,-165,6612,1669694001,1669694001,20,Westbound W 16 Ave @ Mackenzie St,49.257839,-123.170777,1669693836,-165,1669693836
13276173,114,12-07-2022,-3449,6612,1670472773,1670472773,19,Westbound W 16 Ave @ Macdonald St,49.257816,-123.168896,1670469324,-3449,1670469324
13276173,114,11-28-2022,-178,6612,1669695173,1669695173,19,Westbound W 16 Ave @ Macdonald St,49.257816,-123.168896,1669694995,-178,1669694995
13276204,296,11-28-2022,-116,6612,1669666209,1669666209,27,Westbound W 41 Ave @ Mackenzie St,49.234819,-123.170795,1669666093,-116,1669666093
13339278,103,12-04-2022,-297,6612,1670145245,1670145245,9,Westbound Cornwall Ave @ Arbutus St,49.272608,-123.152989,1670144948,-297,1670144948
13339278,103,12-04-2022,-297,6612,1670145245,1670145245,9,Westbound Cornwall Ave @ Arbutus St,49.272608,-123.152989,1670144948,-297,1670144948
13276378,116,12-04-2022,-165,6612,1670142570,1670142570,21,Westbound W 16 Ave @ Balaclava St,49.257904,-123.17458,1670142405,-165,1670142405
13276235,115,11-23-2022,-122,6612,1669262001,1669262001,20,Westbound W 16 Ave @ Mackenzie St,49.257839,-123.170777,1669261879,-122,1669261879
13276245,126,11-24-2022,-123,6612,1669360697,1669360697,24,Southbound Mackenzie St @ W 29 Ave,49.245848,-123.170308,1669360574,-123,1669360574
13276173,114,12-06-2022,-214,6612,1670386373,1670386373,19,Westbound W 16 Ave @ Macdonald St,49.257816,-123.168896,1670386159,-214,1670386159
13276245,126,11-29-2022,-132,6612,1669792697,1669792697,24,Southbound Mackenzie St @ W 29 Ave,49.245848,-123.170308,1669792565,-132,1669792565
13276234,106,11-22-2022,-278,6612,1669172932,1669172932,12,Westbound Cornwall Ave @ Trafalgar St,49.272799,-123.164636,1669172654,-278,1669172654
13276209,130,11-23-2022,-197,6612,1669237887,1669237887,26,Southbound Mackenzie St @ W 37 Ave,49.238254,-123.170377,1669237690,-197,1669237690
13276204,296,12-05-2022,-113,6612,1670271009,1670271009,27,Westbound W 41 Ave @ Mackenzie St,49.234819,-123.170795,1670270896,-113,1670270896
13276235,115,11-22-2022,-3855,6612,1669175601,1669175601,20,Westbound W 16 Ave @ Mackenzie St,49.257839,-123.170777,1669171746,-3855,1669171746
13276209,130,11-30-2022,-134,6612,1669842687,1669842687,26,Southbound Mackenzie St @ W 37 Ave,49.238254,-123.170377,1669842553,-134,1669842553
13276173,114,11-22-2022,-140,6612,1669176773,1669176773,19,Westbound W 16 Ave @ Macdonald St,49.257816,-123.168896,1669176633,-140,1669176633
13276234,106,12-07-2022,-348,6612,1670468932,1670468932,12,Westbound Cornwall Ave @ Trafalgar St,49.272799,-123.164636,1670468584,-348,1670468584
13276209,130,12-02-2022,-150,6612,1670015487,1670015487,26,Southbound Mackenzie St @ W 37 Ave,49.238254,-123.170377,1670015337,-150,1670015337
13276229,55,11-29-2022,-145,6612,1669776600,1669776600,23,Eastbound W 16 Ave @ Carnarvon St,49.257583,-123.17185,1669776455,-145,1669776455
13276199,115,12-05-2022,-134,6612,1670266509,1670266509,20,Westbound W 16 Ave @ Mackenzie St,49.257839,-123.170777,1670266375,-134,1670266375
13276196,114,12-06-2022,-126,6612,1670347479,1670347479,19,Westbound W 16 Ave @ Macdonald St,49.257816,-123.168896,1670347353,-126,1670347353
13276229,55,11-23-2022,-124,6612,1669258200,1669258200,23,Eastbound W 16 Ave @ Carnarvon St,49.257583,-123.17185,1669258076,-124,1669258076
13276382,126,12-04-2022,-160,6612,1670147177,1670147177,24,Southbound Mackenzie St @ W 29 Ave,49.245848,-123.170308,1670147017,-160,1670147017
13276659,300,11-28-2022,-121,6612,1669627503,1669627503,30,Westbound W 41 Ave @ Collingwood St,49.234836,-123.182546,1669627382,-121,1669627382
13276659,300,12-05-2022,-197,6612,1670232303,1670232303,30,Westbound W 41 Ave @ Collingwood St,49.234836,-123.182546,1670232106,-197,1670232106
13276199,115,11-28-2022,-118,6612,1669661709,1669661709,20,Westbound W 16 Ave @ Mackenzie St,49.257839,-123.170777,1669661591,-118,1669661591
13276199,115,12-07-2022,-111,6612,1670439309,1670439309,20,Westbound W 16 Ave @ Mackenzie St,49.257839,-123.170777,1670439198,-111,1670439198
13276229,55,11-28-2022,-122,6612,1669690200,1669690200,23,Eastbound W 16 Ave @ Carnarvon St,49.257583,-123.17185,1669690078,-122,1669690078
13276229,55,11-28-2022,-122,6612,1669690200,1669690200,23,Eastbound W 16 Ave @ Carnarvon St,49.257583,-123.17185,1669690078,-122,1669690078
13276229,55,11-28-2022,-122,6612,1669690200,1669690200,23,Eastbound W 16 Ave @ Carnarvon St,49.257583,-123.17185,1669690078,-122,1669690078
13276165,123,11-30-2022,-138,6612,1669864040,1669864040,22,Westbound W King Edward Ave @ Puget Dr,49.249627,-123.170432,1669863902,-138,1669863902
13276229,55,11-25-2022,-117,6612,1669431000,1669431000,23,Eastbound W 16 Ave @ Carnarvon St,49.257583,-123.17185,1669430883,-117,1669430883
13276127,12494,12-02-2022,-4003,6612,1669995597,1669995597,7,Southbound Burrard St @ Harwood St,49.277837,-123.131265,1669991594,-4003,1669991594
13276127,12494,12-02-2022,-4003,6612,1669995597,1669995597,7,Southbound Burrard St @ Harwood St,49.277837,-123.131265,1669991594,-4003,1669991594
13276193,300,11-28-2022,-130,6612,1669682562,1669682562,30,Westbound W 41 Ave @ Collingwood St,49.234836,-123.182546,1669682432,-130,1669682432
13276229,55,11-30-2022,-123,6612,1669863000,1669863000,23,Eastbound W 16 Ave @ Carnarvon St,49.257583,-123.17185,1669862877,-123,1669862877
13276229,55,11-30-2022,-123,6612,1669863000,1669863000,23,Eastbound W 16 Ave @ Carnarvon St,49.257583,-123.17185,1669862877,-123,1669862877
13276229,55,11-30-2022,-123,6612,1669863000,1669863000,23,Eastbound W 16 Ave @ Carnarvon St,49.257583,-123.17185,1669862877,-123,1669862877
13276196,114,11-25-2022,-126,6612,1669397079,1669397079,19,Westbound W 16 Ave @ Macdonald St,49.257816,-123.168896,1669396953,-126,1669396953
13276196,114,12-07-2022,-120,6612,1670433879,1670433879,19,Westbound W 16 Ave @ Macdonald St,49.257816,-123.168896,1670433759,-120,1670433759
13276196,114,11-28-2022,-124,6612,1669656279,1669656279,19,Westbound W 16 Ave @ Macdonald St,49.257816,-123.168896,1669656155,-124,1669656155
13276115,121,11-23-2022,-204,6612,1669243925,1669243925,21,Southbound Macdonald St @ Alamein Ave,49.249858,-123.167913,1669243721,-204,1669243721
13276199,115,11-29-2022,-118,6612,1669748109,1669748109,20,Westbound W 16 Ave @ Mackenzie St,49.257839,-123.170777,1669747991,-118,1669747991
13276229,55,12-02-2022,-121,6612,1670035800,1670035800,23,Eastbound W 16 Ave @ Carnarvon St,49.257583,-123.17185,1670035679,-121,1670035679
13276171,116,12-05-2022,-143,6612,1670262071,1670262071,21,Westbound W 16 Ave @ Balaclava St,49.257904,-123.17458,1670261928,-143,1670261928
13276203,115,11-25-2022,-112,6612,1669406109,1669406109,20,Westbound W 16 Ave @ Mackenzie St,49.257839,-123.170777,1669405997,-112,1669405997
13276171,116,11-24-2022,-117,6612,1669311671,1669311671,21,Westbound W 16 Ave @ Balaclava St,49.257904,-123.17458,1669311554,-117,1669311554
13276232,45,11-23-2022,-3515,6612,1669265656,1669265656,3,Southbound Burrard St @ Robson St,49.283087,-123.123336,1669262141,-3515,1669262141
13276232,45,11-23-2022,-3515,6612,1669265656,1669265656,3,Southbound Burrard St @ Robson St,49.283087,-123.123336,1669262141,-3515,1669262141
13276171,116,11-29-2022,-139,6612,1669743671,1669743671,21,Westbound W 16 Ave @ Balaclava St,49.257904,-123.17458,1669743532,-139,1669743532
13276185,114,11-30-2022,-135,6612,1669850019,1669850019,19,Westbound W 16 Ave @ Macdonald St,49.257816,-123.168896,1669849884,-135,1669849884
13276171,116,12-06-2022,-136,6612,1670348471,1670348471,21,Westbound W 16 Ave @ Balaclava St,49.257904,-123.17458,1670348335,-136,1670348335
13276190,55,11-25-2022,-119,6612,1669407480,1669407480,23,Eastbound W 16 Ave @ Carnarvon St,49.257583,-123.17185,1669407361,-119,1669407361
13276171,116,11-28-2022,-124,6612,1669657271,1669657271,21,Westbound W 16 Ave @ Balaclava St,49.257904,-123.17458,1669657147,-124,1669657147
13276191,111,11-25-2022,-440,6612,1669439814,1669439814,17,Southbound Macdonald St @ W 11 Ave,49.261885,-123.16835,1669439374,-440,1669439374
13276191,111,11-25-2022,-440,6612,1669439814,1669439814,17,Southbound Macdonald St @ W 11 Ave,49.261885,-123.16835,1669439374,-440,1669439374
13276203,115,11-23-2022,-126,6612,1669233309,1669233309,20,Westbound W 16 Ave @ Mackenzie St,49.257839,-123.170777,1669233183,-126,1669233183
13276171,116,12-07-2022,-182,6612,1670434871,1670434871,21,Westbound W 16 Ave @ Balaclava St,49.257904,-123.17458,1670434689,-182,1670434689
13276232,299,11-24-2022,-139,6612,1669353494,1669353494,29,Westbound W 41 Ave @ Blenheim St,49.234831,-123.179103,1669353355,-139,1669353355
13276232,299,11-23-2022,-3479,6612,1669267094,1669267094,29,Westbound W 41 Ave @ Blenheim St,49.234831,-123.179103,1669263615,-3479,1669263615
13276232,299,11-23-2022,-3479,6612,1669267094,1669267094,29,Westbound W 41 Ave @ Blenheim St,49.234831,-123.179103,1669263615,-3479,1669263615
13276203,115,11-28-2022,-113,6612,1669665309,1669665309,20,Westbound W 16 Ave @ Mackenzie St,49.257839,-123.170777,1669665196,-113,1669665196
13276190,55,12-02-2022,-111,6612,1670012280,1670012280,23,Eastbound W 16 Ave @ Carnarvon St,49.257583,-123.17185,1670012169,-111,1670012169
13276171,116,12-02-2022,-177,6612,1670002871,1670002871,21,Westbound W 16 Ave @ Balaclava St,49.257904,-123.17458,1670002694,-177,1670002694
13276118,111,12-06-2022,-116,6612,1670343890,1670343890,17,Southbound Macdonald St @ W 11 Ave,49.261885,-123.16835,1670343774,-116,1670343774
13276206,116,12-06-2022,-150,6612,1670354171,1670354171,21,Westbound W 16 Ave @ Balaclava St,49.257904,-123.17458,1670354021,-150,1670354021
13276138,646,11-25-2022,-129,6612,1669448400,1669448400,31,Dunbar Loop @ Bay 2,49.234593,-123.18575,1669448271,-129,1669448271
13276138,646,12-05-2022,-170,6612,1670312400,1670312400,31,Dunbar Loop @ Bay 2,49.234593,-123.18575,1670312230,-170,1670312230
13276118,111,12-08-2022,-143,6612,1670516690,1670516690,17,Southbound Macdonald St @ W 11 Ave,49.261885,-123.16835,1670516547,-143,1670516547
13276234,46,11-22-2022,-162,6612,1669172205,1669172205,4,Southbound Burrard St @ Barclay St,49.282068,-123.12488,1669172043,-162,1669172043
13276234,46,12-07-2022,-251,6612,1670468205,1670468205,4,Southbound Burrard St @ Barclay St,49.282068,-123.12488,1670467954,-251,1670467954
13276138,646,11-24-2022,-147,6612,1669362000,1669362000,31,Dunbar Loop @ Bay 2,49.234593,-123.18575,1669361853,-147,1669361853
13276138,646,11-22-2022,-165,6612,1669189200,1669189200,31,Dunbar Loop @ Bay 2,49.234593,-123.18575,1669189035,-165,1669189035
13276206,116,11-29-2022,-126,6612,1669749371,1669749371,21,Westbound W 16 Ave @ Balaclava St,49.257904,-123.17458,1669749245,-126,1669749245
13276138,646,12-07-2022,-112,6612,1670485200,1670485200,31,Dunbar Loop @ Bay 2,49.234593,-123.18575,1670485088,-112,1670485088
13276118,111,11-24-2022,-204,6612,1669307090,1669307090,17,Southbound Macdonald St @ W 11 Ave,49.261885,-123.16835,1669306886,-204,1669306886
13276206,116,12-05-2022,-117,6612,1670267771,1670267771,21,Westbound W 16 Ave @ Balaclava St,49.257904,-123.17458,1670267654,-117,1670267654
13276138,646,12-06-2022,-116,6612,1670398800,1670398800,31,Dunbar Loop @ Bay 2,49.234593,-123.18575,1670398684,-116,1670398684
13276118,111,11-25-2022,-178,6612,1669393490,1669393490,17,Southbound Macdonald St @ W 11 Ave,49.261885,-123.16835,1669393312,-178,1669393312
13276138,646,12-02-2022,-148,6612,1670053200,1670053200,31,Dunbar Loop @ Bay 2,49.234593,-123.18575,1670053052,-148,1670053052
13276138,646,11-23-2022,-125,6612,1669275600,1669275600,31,Dunbar Loop @ Bay 2,49.234593,-123.18575,1669275475,-125,1669275475
13276118,111,11-23-2022,-138,6612,1669220690,1669220690,17,Southbound Macdonald St @ W 11 Ave,49.261885,-123.16835,1669220552,-138,1669220552
13276138,646,12-01-2022,-117,6612,1669966800,1669966800,31,Dunbar Loop @ Bay 2,49.234593,-123.18575,1669966683,-117,1669966683
13276172,55,12-06-2022,-126,6612,1670349540,1670349540,23,Eastbound W 16 Ave @ Carnarvon St,49.257583,-123.17185,1670349414,-126,1670349414
13276172,55,12-06-2022,-126,6612,1670349540,1670349540,23,Eastbound W 16 Ave @ Carnarvon St,49.257583,-123.17185,1670349414,-126,1670349414
13276172,55,12-06-2022,-126,6612,1670349540,1670349540,23,Eastbound W 16 Ave @ Carnarvon St,49.257583,-123.17185,1670349414,-126,1670349414
13276172,55,11-29-2022,-117,6612,1669744740,1669744740,23,Eastbound W 16 Ave @ Carnarvon St,49.257583,-123.17185,1669744623,-117,1669744623
13276172,55,12-02-2022,-114,6612,1670003940,1670003940,23,Eastbound W 16 Ave @ Carnarvon St,49.257583,-123.17185,1670003826,-114,1670003826
13276117,103,12-08-2022,-155,6612,1670515572,1670515572,9,Westbound Cornwall Ave @ Arbutus St,49.272608,-123.152989,1670515417,-155,1670515417
13276172,55,11-28-2022,-165,6612,1669658340,1669658340,23,Eastbound W 16 Ave @ Carnarvon St,49.257583,-123.17185,1669658175,-165,1669658175
13276188,98,11-30-2022,-748,6612,1669826005,1669826005,6,Southbound Burrard St @ Davie St,49.278914,-123.12964,1669825257,-748,1669825257
13276188,98,11-30-2022,-748,6612,1669826005,1669826005,6,Southbound Burrard St @ Davie St,49.278914,-123.12964,1669825257,-748,1669825257
13276211,115,12-01-2022,-151,6612,1669930509,1669930509,20,Westbound W 16 Ave @ Mackenzie St,49.257839,-123.170777,1669930358,-151,1669930358
13276172,55,12-07-2022,-162,6612,1670435940,1670435940,23,Eastbound W 16 Ave @ Carnarvon St,49.257583,-123.17185,1670435778,-162,1670435778
13276197,112,12-05-2022,-216,6612,1670264344,1670264344,18,Southbound Macdonald St @ W 13 Ave,49.260226,-123.168421,1670264128,-216,1670264128
13276379,299,12-04-2022,-173,6612,1670143874,1670143874,29,Westbound W 41 Ave @ Blenheim St,49.234831,-123.179103,1670143701,-173,1670143701
13276211,115,11-24-2022,-311,6612,1669325709,1669325709,20,Westbound W 16 Ave @ Mackenzie St,49.257839,-123.170777,1669325398,-311,1669325398
13276211,115,11-24-2022,-311,6612,1669325709,1669325709,20,Westbound W 16 Ave @ Mackenzie St,49.257839,-123.170777,1669325398,-311,1669325398
13276232,112,11-23-2022,-3497,6612,1669266443,1669266443,18,Southbound Macdonald St @ W 13 Ave,49.260226,-123.168421,1669262946,-3497,1669262946
13276379,299,11-27-2022,-114,6612,1669539074,1669539074,29,Westbound W 41 Ave @ Blenheim St,49.234831,-123.179103,1669538960,-114,1669538960
13276188,106,11-30-2022,-806,6612,1669826495,1669826495,12,Westbound Cornwall Ave @ Trafalgar St,49.272799,-123.164636,1669825689,-806,1669825689
13276188,106,11-30-2022,-806,6612,1669826495,1669826495,12,Westbound Cornwall Ave @ Trafalgar St,49.272799,-123.164636,1669825689,-806,1669825689
13276188,106,11-30-2022,-806,6612,1669826495,1669826495,12,Westbound Cornwall Ave @ Trafalgar St,49.272799,-123.164636,1669825689,-806,1669825689
13276188,106,11-30-2022,-806,6612,1669826495,1669826495,12,Westbound Cornwall Ave @ Trafalgar St,49.272799,-123.164636,1669825689,-806,1669825689
13276172,55,11-23-2022,-114,6612,1669226340,1669226340,23,Eastbound W 16 Ave @ Carnarvon St,49.257583,-123.17185,1669226226,-114,1669226226
13276142,123,12-06-2022,-123,6612,1670318569,1670318569,22,Westbound W King Edward Ave @ Puget Dr,49.249627,-123.170432,1670318446,-123,1670318446
13276212,109,12-06-2022,-231,6612,1670363463,1670363463,15,Southbound Macdonald St @ W 6th Ave,49.266274,-123.168483,1670363232,-231,1670363232
13276211,115,11-30-2022,-146,6612,1669844109,1669844109,20,Westbound W 16 Ave @ Mackenzie St,49.257839,-123.170777,1669843963,-146,1669843963
13276211,115,11-29-2022,-205,6612,1669757709,1669757709,20,Westbound W 16 Ave @ Mackenzie St,49.257839,-123.170777,1669757504,-205,1669757504
13276142,123,11-29-2022,-140,6612,1669713769,1669713769,22,Westbound W King Edward Ave @ Puget Dr,49.249627,-123.170432,1669713629,-140,1669713629
13276211,115,12-06-2022,-177,6612,1670362509,1670362509,20,Westbound W 16 Ave @ Mackenzie St,49.257839,-123.170777,1670362332,-177,1670362332
13276126,299,12-02-2022,-125,6612,1669996568,1669996568,29,Westbound W 41 Ave @ Blenheim St,49.234831,-123.179103,1669996443,-125,1669996443
13276365,130,11-26-2022,-208,6612,1669494812,1669494812,26,Southbound Mackenzie St @ W 37 Ave,49.238254,-123.170377,1669494604,-208,1669494604
13276126,299,11-24-2022,-114,6612,1669305369,1669305369,29,Westbound W 41 Ave @ Blenheim St,49.234831,-123.179103,1669305255,-114,1669305255
13276137,107,11-29-2022,-206,6612,1669760966,1669760966,13,Southbound Macdonald St @ W 1st Ave,49.270753,-123.168323,1669760760,-206,1669760760
13276184,115,12-02-2022,-127,6612,1670021949,1670021949,20,Westbound W 16 Ave @ Mackenzie St,49.257839,-123.170777,1670021822,-127,1670021822
13276184,115,12-06-2022,-119,6612,1670367549,1670367549,20,Westbound W 16 Ave @ Mackenzie St,49.257839,-123.170777,1670367430,-119,1670367430
13276146,105,12-06-2022,-159,6612,1670376809,1670376809,11,Westbound Cornwall Ave @ Point Grey Rd,49.272731,-123.160216,1670376650,-159,1670376650
13276198,111,11-24-2022,-115,6612,1669314770,1669314770,17,Southbound Macdonald St @ W 11 Ave,49.261885,-123.16835,1669314655,-115,1669314655
13276198,111,12-02-2022,-117,6612,1670005970,1670005970,17,Southbound Macdonald St @ W 11 Ave,49.261885,-123.16835,1670005853,-117,1670005853
13276198,111,12-08-2022,-127,6612,1670524370,1670524370,17,Southbound Macdonald St @ W 11 Ave,49.261885,-123.16835,1670524243,-127,1670524243
13276146,105,12-05-2022,-115,6612,1670290409,1670290409,11,Westbound Cornwall Ave @ Point Grey Rd,49.272731,-123.160216,1670290294,-115,1670290294
13276118,109,12-08-2022,-120,6612,1670516583,1670516583,15,Southbound Macdonald St @ W 6th Ave,49.266274,-123.168483,1670516463,-120,1670516463
13276146,115,12-01-2022,-116,6612,1669945418,1669945418,20,Westbound W 16 Ave @ Mackenzie St,49.257839,-123.170777,1669945302,-116,1669945302
13276146,115,12-01-2022,-116,6612,1669945418,1669945418,20,Westbound W 16 Ave @ Mackenzie St,49.257839,-123.170777,1669945302,-116,1669945302
13339360,296,11-27-2022,-167,6612,1669608669,1669608669,27,Westbound W 41 Ave @ Mackenzie St,49.234819,-123.170795,1669608502,-167,1669608502
13276118,109,12-06-2022,-125,6612,1670343783,1670343783,15,Southbound Macdonald St @ W 6th Ave,49.266274,-123.168483,1670343658,-125,1670343658
13339259,299,12-03-2022,-132,6612,1670109642,1670109642,29,Westbound W 41 Ave @ Blenheim St,49.234831,-123.179103,1670109510,-132,1670109510
13276146,115,11-24-2022,-111,6612,1669340618,1669340618,20,Westbound W 16 Ave @ Mackenzie St,49.257839,-123.170777,1669340507,-111,1669340507
13276146,115,12-02-2022,-139,6612,1670031818,1670031818,20,Westbound W 16 Ave @ Mackenzie St,49.257839,-123.170777,1670031679,-139,1670031679
13276234,111,11-23-2022,-150,6612,1669259630,1669259630,17,Southbound Macdonald St @ W 11 Ave,49.261885,-123.16835,1669259480,-150,1669259480
13339259,299,11-26-2022,-150,6612,1669504842,1669504842,29,Westbound W 41 Ave @ Blenheim St,49.234831,-123.179103,1669504692,-150,1669504692
13276146,115,11-30-2022,-148,6612,1669859018,1669859018,20,Westbound W 16 Ave @ Mackenzie St,49.257839,-123.170777,1669858870,-148,1669858870
13276234,111,12-07-2022,-384,6612,1670469230,1670469230,17,Southbound Macdonald St @ W 11 Ave,49.261885,-123.16835,1670468846,-384,1670468846
13276118,109,11-25-2022,-188,6612,1669393383,1669393383,15,Southbound Macdonald St @ W 6th Ave,49.266274,-123.168483,1669393195,-188,1669393195
13276146,115,12-05-2022,-126,6612,1670291018,1670291018,20,Westbound W 16 Ave @ Mackenzie St,49.257839,-123.170777,1670290892,-126,1670290892
13276118,109,11-23-2022,-151,6612,1669220583,1669220583,15,Southbound Macdonald St @ W 6th Ave,49.266274,-123.168483,1669220432,-151,1669220432
13276234,111,11-30-2022,-116,6612,1669864430,1669864430,17,Southbound Macdonald St @ W 11 Ave,49.261885,-123.16835,1669864314,-116,1669864314
13276146,115,12-08-2022,-158,6612,1670550218,1670550218,20,Westbound W 16 Ave @ Mackenzie St,49.257839,-123.170777,1670550060,-158,1670550060
13276146,115,11-28-2022,-155,6612,1669686218,1669686218,20,Westbound W 16 Ave @ Mackenzie St,49.257839,-123.170777,1669686063,-155,1669686063
13276146,115,12-06-2022,-168,6612,1670377418,1670377418,20,Westbound W 16 Ave @ Mackenzie St,49.257839,-123.170777,1670377250,-168,1670377250
13276146,115,11-23-2022,-124,6612,1669254218,1669254218,20,Westbound W 16 Ave @ Mackenzie St,49.257839,-123.170777,1669254094,-124,1669254094
13276238,130,11-29-2022,-121,6612,1669783529,1669783529,26,Southbound Mackenzie St @ W 37 Ave,49.238254,-123.170377,1669783408,-121,1669783408
13276234,111,12-01-2022,-127,6612,1669950830,1669950830,17,Southbound Macdonald St @ W 11 Ave,49.261885,-123.16835,1669950703,-127,1669950703
13276146,115,11-29-2022,-130,6612,1669772618,1669772618,20,Westbound W 16 Ave @ Mackenzie St,49.257839,-123.170777,1669772488,-130,1669772488
13276180,105,11-30-2022,-127,6612,1669845940,1669845940,11,Westbound Cornwall Ave @ Point Grey Rd,49.272731,-123.160216,1669845813,-127,1669845813
13276146,115,11-25-2022,-143,6612,1669427018,1669427018,20,Westbound W 16 Ave @ Mackenzie St,49.257839,-123.170777,1669426875,-143,1669426875
13276118,109,11-24-2022,-214,6612,1669306983,1669306983,15,Southbound Macdonald St @ W 6th Ave,49.266274,-123.168483,1669306769,-214,1669306769
13276234,111,11-22-2022,-323,6612,1669173230,1669173230,17,Southbound Macdonald St @ W 11 Ave,49.261885,-123.16835,1669172907,-323,1669172907
13276132,107,12-06-2022,-126,6612,1670369595,1670369595,13,Southbound Macdonald St @ W 1st Ave,49.270753,-123.168323,1670369469,-126,1670369469
13276221,55,12-08-2022,-116,6612,1670551140,1670551140,23,Eastbound W 16 Ave @ Carnarvon St,49.257583,-123.17185,1670551024,-116,1670551024
13276221,55,11-28-2022,-112,6612,1669687140,1669687140,23,Eastbound W 16 Ave @ Carnarvon St,49.257583,-123.17185,1669687028,-112,1669687028
13276162,110,11-23-2022,-115,6612,1669237911,1669237911,16,Southbound Macdonald St @ W Broadway,49.264268,-123.168373,1669237796,-115,1669237796
13276245,123,11-29-2022,-139,6612,1669792592,1669792592,22,Westbound W King Edward Ave @ Puget Dr,49.249627,-123.170432,1669792453,-139,1669792453
13276218,54,12-06-2022,-122,6612,1670375265,1670375265,22,Eastbound W 16 Ave @ Trutch St,49.257636,-123.175459,1670375143,-122,1670375143
13276211,112,11-24-2022,-306,6612,1669325611,1669325611,18,Southbound Macdonald St @ W 13 Ave,49.260226,-123.168421,1669325305,-306,1669325305
13276211,112,11-24-2022,-306,6612,1669325611,1669325611,18,Southbound Macdonald St @ W 13 Ave,49.260226,-123.168421,1669325305,-306,1669325305
13276243,646,11-28-2022,-175,6612,1669704900,1669704900,31,Dunbar Loop @ Bay 2,49.234593,-123.18575,1669704725,-175,1669704725
13276221,55,12-02-2022,-131,6612,1670032740,1670032740,23,Eastbound W 16 Ave @ Carnarvon St,49.257583,-123.17185,1670032609,-131,1670032609
13276221,55,11-29-2022,-124,6612,1669773540,1669773540,23,Eastbound W 16 Ave @ Carnarvon St,49.257583,-123.17185,1669773416,-124,1669773416
13276221,55,12-06-2022,-187,6612,1670378340,1670378340,23,Eastbound W 16 Ave @ Carnarvon St,49.257583,-123.17185,1670378153,-187,1670378153
13276221,55,11-23-2022,-125,6612,1669255140,1669255140,23,Eastbound W 16 Ave @ Carnarvon St,49.257583,-123.17185,1669255015,-125,1669255015
13276221,55,11-23-2022,-125,6612,1669255140,1669255140,23,Eastbound W 16 Ave @ Carnarvon St,49.257583,-123.17185,1669255015,-125,1669255015
13276243,124,11-28-2022,-125,6612,1669704425,1669704425,23,Southbound Quesnel Dr @ W King Edward Ave,49.249603,-123.171914,1669704300,-125,1669704300
13276243,646,12-01-2022,-130,6612,1669964100,1669964100,31,Dunbar Loop @ Bay 2,49.234593,-123.18575,1669963970,-130,1669963970
13276221,55,11-24-2022,-145,6612,1669341540,1669341540,23,Eastbound W 16 Ave @ Carnarvon St,49.257583,-123.17185,1669341395,-145,1669341395
13276244,12671,12-07-2022,-138,6612,1670483236,1670483236,28,Westbound W 41 Ave @ Carnarvon St,49.234826,-123.174148,1670483098,-138,1670483098
13276211,112,11-30-2022,-146,6612,1669844011,1669844011,18,Southbound Macdonald St @ W 13 Ave,49.260226,-123.168421,1669843865,-146,1669843865
13276243,646,12-06-2022,-125,6612,1670396100,1670396100,31,Dunbar Loop @ Bay 2,49.234593,-123.18575,1670395975,-125,1670395975
13276218,54,11-28-2022,-157,6612,1669684065,1669684065,22,Eastbound W 16 Ave @ Trutch St,49.257636,-123.175459,1669683908,-157,1669683908
13276221,55,12-01-2022,-161,6612,1669946340,1669946340,23,Eastbound W 16 Ave @ Carnarvon St,49.257583,-123.17185,1669946179,-161,1669946179
13276218,54,12-05-2022,-124,6612,1670288865,1670288865,22,Eastbound W 16 Ave @ Trutch St,49.257636,-123.175459,1670288741,-124,1670288741
13276162,110,12-02-2022,-136,6612,1670015511,1670015511,16,Southbound Macdonald St @ W Broadway,49.264268,-123.168373,1670015375,-136,1670015375
13276211,112,12-06-2022,-177,6612,1670362411,1670362411,18,Southbound Macdonald St @ W 13 Ave,49.260226,-123.168421,1670362234,-177,1670362234
13276221,55,11-30-2022,-160,6612,1669859940,1669859940,23,Eastbound W 16 Ave @ Carnarvon St,49.257583,-123.17185,1669859780,-160,1669859780
13276211,112,12-01-2022,-151,6612,1669930411,1669930411,18,Southbound Macdonald St @ W 13 Ave,49.260226,-123.168421,1669930260,-151,1669930260
13276218,54,12-07-2022,-111,6612,1670461665,1670461665,22,Eastbound W 16 Ave @ Trutch St,49.257636,-123.175459,1670461554,-111,1670461554
13276225,112,11-23-2022,-148,6612,1669245931,1669245931,18,Southbound Macdonald St @ W 13 Ave,49.260226,-123.168421,1669245783,-148,1669245783
13276123,126,12-01-2022,-126,6612,1669906969,1669906969,24,Southbound Mackenzie St @ W 29 Ave,49.245848,-123.170308,1669906843,-126,1669906843
13276127,46,12-02-2022,-4016,6612,1669995456,1669995456,4,Southbound Burrard St @ Barclay St,49.282068,-123.12488,1669991440,-4016,1669991440
13276127,46,12-02-2022,-4016,6612,1669995456,1669995456,4,Southbound Burrard St @ Barclay St,49.282068,-123.12488,1669991440,-4016,1669991440
13339276,300,11-26-2022,-113,6612,1669523746,1669523746,30,Westbound W 41 Ave @ Collingwood St,49.234836,-123.182546,1669523633,-113,1669523633
13276158,112,11-23-2022,-127,6612,1669252561,1669252561,18,Southbound Macdonald St @ W 13 Ave,49.260226,-123.168421,1669252434,-127,1669252434
13339273,646,11-26-2022,-126,6612,1669521540,1669521540,31,Dunbar Loop @ Bay 2,49.234593,-123.18575,1669521414,-126,1669521414
13276199,111,11-28-2022,-140,6612,1669661570,1669661570,17,Southbound Macdonald St @ W 11 Ave,49.261885,-123.16835,1669661430,-140,1669661430
13276158,107,11-23-2022,-119,6612,1669252276,1669252276,13,Southbound Macdonald St @ W 1st Ave,49.270753,-123.168323,1669252157,-119,1669252157
13276123,126,11-24-2022,-154,6612,1669302170,1669302170,24,Southbound Mackenzie St @ W 29 Ave,49.245848,-123.170308,1669302016,-154,1669302016
13276115,128,11-23-2022,-152,6612,1669244225,1669244225,25,Southbound Mackenzie St @ W 33 Ave,49.241997,-123.170345,1669244073,-152,1669244073
13276158,112,11-30-2022,-122,6612,1669857361,1669857361,18,Southbound Macdonald St @ W 13 Ave,49.260226,-123.168421,1669857239,-122,1669857239
13276122,126,11-25-2022,-122,6612,1669387277,1669387277,24,Southbound Mackenzie St @ W 29 Ave,49.245848,-123.170308,1669387155,-122,1669387155
13276158,107,11-30-2022,-118,6612,1669857076,1669857076,13,Southbound Macdonald St @ W 1st Ave,49.270753,-123.168323,1669856958,-118,1669856958
13276123,126,11-25-2022,-140,6612,1669388570,1669388570,24,Southbound Mackenzie St @ W 29 Ave,49.245848,-123.170308,1669388430,-140,1669388430
13276123,126,11-30-2022,-116,6612,1669820569,1669820569,24,Southbound Mackenzie St @ W 29 Ave,49.245848,-123.170308,1669820453,-116,1669820453
13339276,300,12-03-2022,-128,6612,1670128546,1670128546,30,Westbound W 41 Ave @ Collingwood St,49.234836,-123.182546,1670128418,-128,1670128418
13276225,112,11-30-2022,-186,6612,1669850731,1669850731,18,Southbound Macdonald St @ W 13 Ave,49.260226,-123.168421,1669850545,-186,1669850545
13276657,111,12-04-2022,-119,6612,1670226979,1670226979,17,Southbound Macdonald St @ W 11 Ave,49.261885,-123.16835,1670226860,-119,1670226860
13276199,111,12-05-2022,-127,6612,1670266370,1670266370,17,Southbound Macdonald St @ W 11 Ave,49.261885,-123.16835,1670266243,-127,1670266243
13276675,55,11-27-2022,-117,6612,1669579380,1669579380,23,Eastbound W 16 Ave @ Carnarvon St,49.257583,-123.17185,1669579263,-117,1669579263
13276188,104,11-30-2022,-771,6612,1669826376,1669826376,10,Westbound Cornwall Ave @ Yew St,49.272645,-123.155439,1669825605,-771,1669825605
13276188,104,11-30-2022,-771,6612,1669826376,1669826376,10,Westbound Cornwall Ave @ Yew St,49.272645,-123.155439,1669825605,-771,1669825605
13276188,104,11-30-2022,-771,6612,1669826376,1669826376,10,Westbound Cornwall Ave @ Yew St,49.272645,-123.155439,1669825605,-771,1669825605
13276381,296,12-04-2022,-143,6612,1670145577,1670145577,27,Westbound W 41 Ave @ Mackenzie St,49.234819,-123.170795,1670145434,-143,1670145434
13276122,126,11-24-2022,-114,6612,1669300877,1669300877,24,Southbound Mackenzie St @ W 29 Ave,49.245848,-123.170308,1669300763,-114,1669300763
13276118,110,11-23-2022,-126,6612,1669220631,1669220631,16,Southbound Macdonald St @ W Broadway,49.264268,-123.168373,1669220505,-126,1669220505
13276227,299,11-29-2022,-195,6612,1669709654,1669709654,29,Westbound W 41 Ave @ Blenheim St,49.234831,-123.179103,1669709459,-195,1669709459
13276211,106,12-01-2022,-163,6612,1669930072,1669930072,12,Westbound Cornwall Ave @ Trafalgar St,49.272799,-123.164636,1669929909,-163,1669929909
13276211,106,11-24-2022,-257,6612,1669325272,1669325272,12,Westbound Cornwall Ave @ Trafalgar St,49.272799,-123.164636,1669325015,-257,1669325015
13276211,106,11-24-2022,-257,6612,1669325272,1669325272,12,Westbound Cornwall Ave @ Trafalgar St,49.272799,-123.164636,1669325015,-257,1669325015
13276211,116,11-24-2022,-338,6612,1669325771,1669325771,21,Westbound W 16 Ave @ Balaclava St,49.257904,-123.17458,1669325433,-338,1669325433
13276211,116,11-24-2022,-338,6612,1669325771,1669325771,21,Westbound W 16 Ave @ Balaclava St,49.257904,-123.17458,1669325433,-338,1669325433
13276211,106,12-06-2022,-128,6612,1670362072,1670362072,12,Westbound Cornwall Ave @ Trafalgar St,49.272799,-123.164636,1670361944,-128,1670361944
13339269,646,11-26-2022,-128,6612,1669516800,1669516800,31,Dunbar Loop @ Bay 2,49.234593,-123.18575,1669516672,-128,1669516672
13276118,110,11-24-2022,-195,6612,1669307031,1669307031,16,Southbound Macdonald St @ W Broadway,49.264268,-123.168373,1669306836,-195,1669306836
13276418,130,12-04-2022,-206,6612,1670147909,1670147909,26,Southbound Mackenzie St @ W 37 Ave,49.238254,-123.170377,1670147703,-206,1670147703
13276211,116,11-30-2022,-175,6612,1669844171,1669844171,21,Westbound W 16 Ave @ Balaclava St,49.257904,-123.17458,1669843996,-175,1669843996
13276227,299,12-07-2022,-132,6612,1670400854,1670400854,29,Westbound W 41 Ave @ Blenheim St,49.234831,-123.179103,1670400722,-132,1670400722
13276227,299,12-01-2022,-142,6612,1669882454,1669882454,29,Westbound W 41 Ave @ Blenheim St,49.234831,-123.179103,1669882312,-142,1669882312
13276191,112,11-25-2022,-446,6612,1669439843,1669439843,18,Southbound Macdonald St @ W 13 Ave,49.260226,-123.168421,1669439397,-446,1669439397
13276191,112,11-25-2022,-446,6612,1669439843,1669439843,18,Southbound Macdonald St @ W 13 Ave,49.260226,-123.168421,1669439397,-446,1669439397
13276207,116,12-07-2022,-119,6612,1670445371,1670445371,21,Westbound W 16 Ave @ Balaclava St,49.257904,-123.17458,1670445252,-119,1670445252
13276207,116,11-28-2022,-191,6612,1669667771,1669667771,21,Westbound W 16 Ave @ Balaclava St,49.257904,-123.17458,1669667580,-191,1669667580
13276118,110,11-25-2022,-169,6612,1669393431,1669393431,16,Southbound Macdonald St @ W Broadway,49.264268,-123.168373,1669393262,-169,1669393262
13339276,646,11-26-2022,-113,6612,1669523820,1669523820,31,Dunbar Loop @ Bay 2,49.234593,-123.18575,1669523707,-113,1669523707
13339276,646,12-03-2022,-128,6612,1670128620,1670128620,31,Dunbar Loop @ Bay 2,49.234593,-123.18575,1670128492,-128,1670128492
13276211,116,11-29-2022,-121,6612,1669757771,1669757771,21,Westbound W 16 Ave @ Balaclava St,49.257904,-123.17458,1669757650,-121,1669757650
13276211,116,12-06-2022,-128,6612,1670362571,1670362571,21,Westbound W 16 Ave @ Balaclava St,49.257904,-123.17458,1670362443,-128,1670362443
13276118,110,12-08-2022,-133,6612,1670516631,1670516631,16,Southbound Macdonald St @ W Broadway,49.264268,-123.168373,1670516498,-133,1670516498
13276418,12671,12-04-2022,-233,6612,1670148016,1670148016,28,Westbound W 41 Ave @ Carnarvon St,49.234826,-123.174148,1670147783,-233,1670147783
13276211,116,12-01-2022,-130,6612,1669930571,1669930571,21,Westbound W 16 Ave @ Balaclava St,49.257904,-123.17458,1669930441,-130,1669930441
13276207,116,11-30-2022,-128,6612,1669840571,1669840571,21,Westbound W 16 Ave @ Balaclava St,49.257904,-123.17458,1669840443,-128,1669840443
13276125,126,11-29-2022,-148,6612,1669735669,1669735669,24,Southbound Mackenzie St @ W 29 Ave,49.245848,-123.170308,1669735521,-148,1669735521
13276207,116,11-29-2022,-161,6612,1669754171,1669754171,21,Westbound W 16 Ave @ Balaclava St,49.257904,-123.17458,1669754010,-161,1669754010
13276125,123,11-29-2022,-132,6612,1669735557,1669735557,22,Westbound W King Edward Ave @ Puget Dr,49.249627,-123.170432,1669735425,-132,1669735425
13276227,299,12-08-2022,-153,6612,1670487254,1670487254,29,Westbound W 41 Ave @ Blenheim St,49.234831,-123.179103,1670487101,-153,1670487101
13276227,299,12-06-2022,-148,6612,1670314454,1670314454,29,Westbound W 41 Ave @ Blenheim St,49.234831,-123.179103,1670314306,-148,1670314306
13276214,123,11-30-2022,-221,6612,1669854104,1669854104,22,Westbound W King Edward Ave @ Puget Dr,49.249627,-123.170432,1669853883,-221,1669853883
13276230,105,11-22-2022,-3205,6612,1669178549,1669178549,11,Westbound Cornwall Ave @ Point Grey Rd,49.272731,-123.160216,1669175344,-3205,1669175344
13276228,646,12-05-2022,-166,6612,1670254980,1670254980,31,Dunbar Loop @ Bay 2,49.234593,-123.18575,1670254814,-166,1670254814
13276228,646,11-29-2022,-113,6612,1669736580,1669736580,31,Dunbar Loop @ Bay 2,49.234593,-123.18575,1669736467,-113,1669736467
13339352,299,11-27-2022,-114,6612,1669599538,1669599538,29,Westbound W 41 Ave @ Blenheim St,49.234831,-123.179103,1669599424,-114,1669599424
13276228,646,11-25-2022,-136,6612,1669390980,1669390980,31,Dunbar Loop @ Bay 2,49.234593,-123.18575,1669390844,-136,1669390844
13276633,111,11-28-2022,-114,6612,1669629671,1669629671,17,Southbound Macdonald St @ W 11 Ave,49.261885,-123.16835,1669629557,-114,1669629557
13276154,114,11-29-2022,-150,6612,1669740099,1669740099,19,Westbound W 16 Ave @ Macdonald St,49.257816,-123.168896,1669739949,-150,1669739949
13276219,1379,11-28-2022,-166,6612,1669685108,1669685108,14,Southbound Macdonald St @ W 4th Ave,49.268064,-123.168411,1669684942,-166,1669684942
13276154,114,12-02-2022,-142,6612,1669999299,1669999299,19,Westbound W 16 Ave @ Macdonald St,49.257816,-123.168896,1669999157,-142,1669999157
13276219,1379,11-30-2022,-124,6612,1669857908,1669857908,14,Southbound Macdonald St @ W 4th Ave,49.268064,-123.168411,1669857784,-124,1669857784
13276154,114,11-28-2022,-120,6612,1669653699,1669653699,19,Westbound W 16 Ave @ Macdonald St,49.257816,-123.168896,1669653579,-120,1669653579
13276228,646,12-02-2022,-212,6612,1669995780,1669995780,31,Dunbar Loop @ Bay 2,49.234593,-123.18575,1669995568,-212,1669995568
13276171,114,11-28-2022,-128,6612,1669657179,1669657179,19,Westbound W 16 Ave @ Macdonald St,49.257816,-123.168896,1669657051,-128,1669657051
13276171,114,11-29-2022,-198,6612,1669743579,1669743579,19,Westbound W 16 Ave @ Macdonald St,49.257816,-123.168896,1669743381,-198,1669743381
13276232,130,11-24-2022,-152,6612,1669353329,1669353329,26,Southbound Mackenzie St @ W 37 Ave,49.238254,-123.170377,1669353177,-152,1669353177
13276171,114,11-24-2022,-181,6612,1669311579,1669311579,19,Westbound W 16 Ave @ Macdonald St,49.257816,-123.168896,1669311398,-181,1669311398
13276171,114,12-07-2022,-148,6612,1670434779,1670434779,19,Westbound W 16 Ave @ Macdonald St,49.257816,-123.168896,1670434631,-148,1670434631
13276124,114,12-08-2022,-174,6612,1670512441,1670512441,19,Westbound W 16 Ave @ Macdonald St,49.257816,-123.168896,1670512267,-174,1670512267
13276124,114,11-25-2022,-134,6612,1669389241,1669389241,19,Westbound W 16 Ave @ Macdonald St,49.257816,-123.168896,1669389107,-134,1669389107
13276412,296,11-26-2022,-145,6612,1669481924,1669481924,27,Westbound W 41 Ave @ Mackenzie St,49.234819,-123.170795,1669481779,-145,1669481779
13276232,130,11-23-2022,-3443,6612,1669266929,1669266929,26,Southbound Mackenzie St @ W 37 Ave,49.238254,-123.170377,1669263486,-3443,1669263486
13276232,130,11-23-2022,-3443,6612,1669266929,1669266929,26,Southbound Mackenzie St @ W 37 Ave,49.238254,-123.170377,1669263486,-3443,1669263486
13276182,646,12-06-2022,-167,6612,1670368740,1670368740,31,Dunbar Loop @ Bay 2,49.234593,-123.18575,1670368573,-167,1670368573
13276124,114,12-05-2022,-142,6612,1670253241,1670253241,19,Westbound W 16 Ave @ Macdonald St,49.257816,-123.168896,1670253099,-142,1670253099
13276171,114,12-06-2022,-127,6612,1670348379,1670348379,19,Westbound W 16 Ave @ Macdonald St,49.257816,-123.168896,1670348252,-127,1670348252
13276124,114,12-02-2022,-144,6612,1669994041,1669994041,19,Westbound W 16 Ave @ Macdonald St,49.257816,-123.168896,1669993897,-144,1669993897
13276171,114,12-02-2022,-140,6612,1670002779,1670002779,19,Westbound W 16 Ave @ Macdonald St,49.257816,-123.168896,1670002639,-140,1670002639
13276149,126,11-25-2022,-123,6612,1669397555,1669397555,24,Southbound Mackenzie St @ W 29 Ave,49.245848,-123.170308,1669397432,-123,1669397432
13276171,114,12-05-2022,-114,6612,1670261979,1670261979,19,Westbound W 16 Ave @ Macdonald St,49.257816,-123.168896,1670261865,-114,1670261865
13276182,646,11-30-2022,-117,6612,1669850340,1669850340,31,Dunbar Loop @ Bay 2,49.234593,-123.18575,1669850223,-117,1669850223
13276190,54,11-25-2022,-119,6612,1669407411,1669407411,22,Eastbound W 16 Ave @ Trutch St,49.257636,-123.175459,1669407292,-119,1669407292
13276123,646,12-01-2022,-152,6612,1669907400,1669907400,31,Dunbar Loop @ Bay 2,49.234593,-123.18575,1669907248,-152,1669907248
13276123,646,11-24-2022,-131,6612,1669302600,1669302600,31,Dunbar Loop @ Bay 2,49.234593,-123.18575,1669302469,-131,1669302469
13276123,646,11-30-2022,-176,6612,1669821000,1669821000,31,Dunbar Loop @ Bay 2,49.234593,-123.18575,1669820824,-176,1669820824
13276161,98,12-06-2022,-1117,6612,1670362018,1670362018,6,Southbound Burrard St @ Davie St,49.278914,-123.12964,1670360901,-1117,1670360901
13276161,98,12-06-2022,-1117,6612,1670362018,1670362018,6,Southbound Burrard St @ Davie St,49.278914,-123.12964,1670360901,-1117,1670360901
13276172,112,12-07-2022,-119,6612,1670435671,1670435671,18,Southbound Macdonald St @ W 13 Ave,49.260226,-123.168421,1670435552,-119,1670435552
13276151,300,11-25-2022,-204,6612,1669397148,1669397148,30,Westbound W 41 Ave @ Collingwood St,49.234836,-123.182546,1669396944,-204,1669396944
13276151,300,11-29-2022,-136,6612,1669742748,1669742748,30,Westbound W 41 Ave @ Collingwood St,49.234836,-123.182546,1669742612,-136,1669742612
13276123,646,12-07-2022,-161,6612,1670425800,1670425800,31,Dunbar Loop @ Bay 2,49.234593,-123.18575,1670425639,-161,1670425639
13276203,112,11-28-2022,-115,6612,1669665211,1669665211,18,Southbound Macdonald St @ W 13 Ave,49.260226,-123.168421,1669665096,-115,1669665096
13276172,112,11-28-2022,-194,6612,1669658071,1669658071,18,Southbound Macdonald St @ W 13 Ave,49.260226,-123.168421,1669657877,-194,1669657877
13276675,115,11-27-2022,-168,6612,1669579214,1669579214,20,Westbound W 16 Ave @ Mackenzie St,49.257839,-123.170777,1669579046,-168,1669579046
13276180,1379,11-30-2022,-180,6612,1669846160,1669846160,14,Southbound Macdonald St @ W 4th Ave,49.268064,-123.168411,1669845980,-180,1669845980
13276190,54,12-02-2022,-111,6612,1670012211,1670012211,22,Eastbound W 16 Ave @ Trutch St,49.257636,-123.175459,1670012100,-111,1670012100
13276203,112,11-23-2022,-121,6612,1669233211,1669233211,18,Southbound Macdonald St @ W 13 Ave,49.260226,-123.168421,1669233090,-121,1669233090
13276217,112,11-30-2022,-204,6612,1669855819,1669855819,18,Southbound Macdonald St @ W 13 Ave,49.260226,-123.168421,1669855615,-204,1669855615
13276217,112,11-30-2022,-204,6612,1669855819,1669855819,18,Southbound Macdonald St @ W 13 Ave,49.260226,-123.168421,1669855615,-204,1669855615
13276172,112,11-29-2022,-115,6612,1669744471,1669744471,18,Southbound Macdonald St @ W 13 Ave,49.260226,-123.168421,1669744356,-115,1669744356
13276172,112,12-06-2022,-122,6612,1670349271,1670349271,18,Southbound Macdonald St @ W 13 Ave,49.260226,-123.168421,1670349149,-122,1670349149
13276168,8535,11-30-2022,-452,6612,1669865009,1669865009,2,Burrard Station @ Bay 1,49.285306,-123.119982,1669864557,-452,1669864557
13276123,646,11-23-2022,-129,6612,1669216200,1669216200,31,Dunbar Loop @ Bay 2,49.234593,-123.18575,1669216071,-129,1669216071
13276380,54,12-04-2022,-131,6612,1670144402,1670144402,22,Eastbound W 16 Ave @ Trutch St,49.257636,-123.175459,1670144271,-131,1670144271
13276212,103,12-06-2022,-124,6612,1670363082,1670363082,9,Westbound Cornwall Ave @ Arbutus St,49.272608,-123.152989,1670362958,-124,1670362958
13276203,112,11-25-2022,-125,6612,1669406011,1669406011,18,Southbound Macdonald St @ W 13 Ave,49.260226,-123.168421,1669405886,-125,1669405886
13276123,646,12-06-2022,-149,6612,1670339400,1670339400,31,Dunbar Loop @ Bay 2,49.234593,-123.18575,1670339251,-149,1670339251
13276151,300,12-02-2022,-153,6612,1670001948,1670001948,30,Westbound W 41 Ave @ Collingwood St,49.234836,-123.182546,1670001795,-153,1670001795
13276180,1379,11-23-2022,-116,6612,1669241360,1669241360,14,Southbound Macdonald St @ W 4th Ave,49.268064,-123.168411,1669241244,-116,1669241244
13276123,646,12-08-2022,-128,6612,1670512200,1670512200,31,Dunbar Loop @ Bay 2,49.234593,-123.18575,1670512072,-128,1670512072
13276123,646,11-29-2022,-137,6612,1669734600,1669734600,31,Dunbar Loop @ Bay 2,49.234593,-123.18575,1669734463,-137,1669734463
13276151,300,12-05-2022,-131,6612,1670261148,1670261148,30,Westbound W 41 Ave @ Collingwood St,49.234836,-123.182546,1670261017,-131,1670261017
13276380,54,11-27-2022,-170,6612,1669539602,1669539602,22,Eastbound W 16 Ave @ Trutch St,49.257636,-123.175459,1669539432,-170,1669539432
13276123,646,11-28-2022,-176,6612,1669648200,1669648200,31,Dunbar Loop @ Bay 2,49.234593,-123.18575,1669648024,-176,1669648024
13276657,109,12-04-2022,-136,6612,1670226911,1670226911,15,Southbound Macdonald St @ W 6th Ave,49.266274,-123.168483,1670226775,-136,1670226775
13276123,646,12-05-2022,-122,6612,1670253000,1670253000,31,Dunbar Loop @ Bay 2,49.234593,-123.18575,1670252878,-122,1670252878
13339278,1379,12-04-2022,-388,6612,1670145487,1670145487,14,Southbound Macdonald St @ W 4th Ave,49.268064,-123.168411,1670145099,-388,1670145099
13339278,1379,12-04-2022,-388,6612,1670145487,1670145487,14,Southbound Macdonald St @ W 4th Ave,49.268064,-123.168411,1670145099,-388,1670145099
13276123,646,11-25-2022,-159,6612,1669389000,1669389000,31,Dunbar Loop @ Bay 2,49.234593,-123.18575,1669388841,-159,1669388841
13276237,111,12-02-2022,-126,6612,1670034566,1670034566,17,Southbound Macdonald St @ W 11 Ave,49.261885,-123.16835,1670034440,-126,1670034440
13276180,114,12-06-2022,-139,6612,1670364819,1670364819,19,Westbound W 16 Ave @ Macdonald St,49.257816,-123.168896,1670364680,-139,1670364680
13276237,112,11-28-2022,-113,6612,1669689010,1669689010,18,Southbound Macdonald St @ W 13 Ave,49.260226,-123.168421,1669688897,-113,1669688897
13276172,111,12-07-2022,-129,6612,1670435630,1670435630,17,Southbound Macdonald St @ W 11 Ave,49.261885,-123.16835,1670435501,-129,1670435501
13276148,12494,11-30-2022,-420,6612,1669854144,1669854144,7,Southbound Burrard St @ Harwood St,49.277837,-123.131265,1669853724,-420,1669853724
13276165,126,11-30-2022,-164,6612,1669864159,1669864159,24,Southbound Mackenzie St @ W 29 Ave,49.245848,-123.170308,1669863995,-164,1669863995
13276172,111,11-29-2022,-129,6612,1669744430,1669744430,17,Southbound Macdonald St @ W 11 Ave,49.261885,-123.16835,1669744301,-129,1669744301
13276180,114,11-30-2022,-186,6612,1669846419,1669846419,19,Westbound W 16 Ave @ Macdonald St,49.257816,-123.168896,1669846233,-186,1669846233
13276172,111,12-06-2022,-114,6612,1670349230,1670349230,17,Southbound Macdonald St @ W 11 Ave,49.261885,-123.16835,1670349116,-114,1670349116
13276633,54,11-28-2022,-126,6612,1669629847,1669629847,22,Eastbound W 16 Ave @ Trutch St,49.257636,-123.175459,1669629721,-126,1669629721
13276237,112,12-02-2022,-140,6612,1670034610,1670034610,18,Southbound Macdonald St @ W 13 Ave,49.260226,-123.168421,1670034470,-140,1670034470
13276172,111,11-28-2022,-171,6612,1669658030,1669658030,17,Southbound Macdonald St @ W 11 Ave,49.261885,-123.16835,1669657859,-171,1669657859
13276180,114,11-23-2022,-119,6612,1669241619,1669241619,19,Westbound W 16 Ave @ Macdonald St,49.257816,-123.168896,1669241500,-119,1669241500
13276173,101,12-07-2022,-3406,6612,1670472150,1670472150,8,Westbound Cornwall Ave @ Cypress St,49.272539,-123.148302,1670468744,-3406,1670468744
13276633,54,12-05-2022,-114,6612,1670234647,1670234647,22,Eastbound W 16 Ave @ Trutch St,49.257636,-123.175459,1670234533,-114,1670234533
13276191,299,11-25-2022,-603,6612,1669440494,1669440494,29,Westbound W 41 Ave @ Blenheim St,49.234831,-123.179103,1669439891,-603,1669439891
13276191,299,11-25-2022,-603,6612,1669440494,1669440494,29,Westbound W 41 Ave @ Blenheim St,49.234831,-123.179103,1669439891,-603,1669439891
13276230,98,11-22-2022,-3280,6612,1669178159,1669178159,6,Southbound Burrard St @ Davie St,49.278914,-123.12964,1669174879,-3280,1669174879
13276162,55,12-01-2022,-145,6612,1669929480,1669929480,23,Eastbound W 16 Ave @ Carnarvon St,49.257583,-123.17185,1669929335,-145,1669929335
13276162,55,11-23-2022,-135,6612,1669238280,1669238280,23,Eastbound W 16 Ave @ Carnarvon St,49.257583,-123.17185,1669238145,-135,1669238145
13276162,55,12-02-2022,-156,6612,1670015880,1670015880,23,Eastbound W 16 Ave @ Carnarvon St,49.257583,-123.17185,1670015724,-156,1670015724
13276162,55,11-29-2022,-154,6612,1669756680,1669756680,23,Eastbound W 16 Ave @ Carnarvon St,49.257583,-123.17185,1669756526,-154,1669756526
13276173,46,12-07-2022,-3400,6612,1670471727,1670471727,4,Southbound Burrard St @ Barclay St,49.282068,-123.12488,1670468327,-3400,1670468327
13276145,12671,11-29-2022,-123,6612,1669774661,1669774661,28,Westbound W 41 Ave @ Carnarvon St,49.234826,-123.174148,1669774538,-123,1669774538
13339259,119,11-26-2022,-116,6612,1669504121,1669504121,20,Southbound Macdonald St @ W 21 Ave,49.253375,-123.16787,1669504005,-116,1669504005
13276162,55,12-06-2022,-128,6612,1670361480,1670361480,23,Eastbound W 16 Ave @ Carnarvon St,49.257583,-123.17185,1670361352,-128,1670361352
13276188,130,11-30-2022,-1875,6612,1669827301,1669827301,26,Southbound Mackenzie St @ W 37 Ave,49.238254,-123.170377,1669825426,-1875,1669825426
13276188,130,11-30-2022,-1875,6612,1669827301,1669827301,26,Southbound Mackenzie St @ W 37 Ave,49.238254,-123.170377,1669825426,-1875,1669825426
13276188,130,11-30-2022,-1875,6612,1669827301,1669827301,26,Southbound Mackenzie St @ W 37 Ave,49.238254,-123.170377,1669825426,-1875,1669825426
13276188,130,11-30-2022,-1875,6612,1669827301,1669827301,26,Southbound Mackenzie St @ W 37 Ave,49.238254,-123.170377,1669825426,-1875,1669825426
13276188,130,11-30-2022,-1875,6612,1669827301,1669827301,26,Southbound Mackenzie St @ W 37 Ave,49.238254,-123.170377,1669825426,-1875,1669825426
13276188,130,11-30-2022,-1875,6612,1669827301,1669827301,26,Southbound Mackenzie St @ W 37 Ave,49.238254,-123.170377,1669825426,-1875,1669825426
13276188,130,11-30-2022,-1875,6612,1669827301,1669827301,26,Southbound Mackenzie St @ W 37 Ave,49.238254,-123.170377,1669825426,-1875,1669825426
13276145,12671,11-30-2022,-137,6612,1669861061,1669861061,28,Westbound W 41 Ave @ Carnarvon St,49.234826,-123.174148,1669860924,-137,1669860924
13276145,12671,12-05-2022,-133,6612,1670293061,1670293061,28,Westbound W 41 Ave @ Carnarvon St,49.234826,-123.174148,1670292928,-133,1670292928
13276207,111,11-28-2022,-156,6612,1669667570,1669667570,17,Southbound Macdonald St @ W 11 Ave,49.261885,-123.16835,1669667414,-156,1669667414
13276162,55,12-08-2022,-138,6612,1670534280,1670534280,23,Eastbound W 16 Ave @ Carnarvon St,49.257583,-123.17185,1670534142,-138,1670534142
13276162,55,11-30-2022,-112,6612,1669843080,1669843080,23,Eastbound W 16 Ave @ Carnarvon St,49.257583,-123.17185,1669842968,-112,1669842968
13276117,116,12-08-2022,-269,6612,1670516234,1670516234,21,Westbound W 16 Ave @ Balaclava St,49.257904,-123.17458,1670515965,-269,1670515965
13276162,55,11-25-2022,-117,6612,1669411080,1669411080,23,Eastbound W 16 Ave @ Carnarvon St,49.257583,-123.17185,1669410963,-117,1669410963
13276207,111,12-07-2022,-134,6612,1670445170,1670445170,17,Southbound Macdonald St @ W 11 Ave,49.261885,-123.16835,1670445036,-134,1670445036
13276117,116,11-25-2022,-144,6612,1669393034,1669393034,21,Westbound W 16 Ave @ Balaclava St,49.257904,-123.17458,1669392890,-144,1669392890
13276168,1379,11-30-2022,-338,6612,1669865793,1669865793,14,Southbound Macdonald St @ W 4th Ave,49.268064,-123.168411,1669865455,-338,1669865455
13276242,646,12-02-2022,-123,6612,1670048700,1670048700,31,Dunbar Loop @ Bay 2,49.234593,-123.18575,1670048577,-123,1670048577
13276206,105,12-06-2022,-129,6612,1670353600,1670353600,11,Westbound Cornwall Ave @ Point Grey Rd,49.272731,-123.160216,1670353471,-129,1670353471
13276242,646,11-28-2022,-124,6612,1669703100,1669703100,31,Dunbar Loop @ Bay 2,49.234593,-123.18575,1669702976,-124,1669702976
13276242,646,12-07-2022,-120,6612,1670480700,1670480700,31,Dunbar Loop @ Bay 2,49.234593,-123.18575,1670480580,-120,1670480580
13276148,47,11-30-2022,-420,6612,1669854032,1669854032,5,Southbound Burrard St @ Nelson St,49.280981,-123.126516,1669853612,-420,1669853612
13276612,300,12-04-2022,-179,6612,1670215426,1670215426,30,Westbound W 41 Ave @ Collingwood St,49.234836,-123.182546,1670215247,-179,1670215247
13276612,299,11-27-2022,-157,6612,1669610580,1669610580,29,Westbound W 41 Ave @ Blenheim St,49.234831,-123.179103,1669610423,-157,1669610423
13276151,299,11-25-2022,-204,6612,1669397103,1669397103,29,Westbound W 41 Ave @ Blenheim St,49.234831,-123.179103,1669396899,-204,1669396899
13276127,116,11-25-2022,-203,6612,1669391834,1669391834,21,Westbound W 16 Ave @ Balaclava St,49.257904,-123.17458,1669391631,-203,1669391631
13276612,299,12-04-2022,-159,6612,1670215380,1670215380,29,Westbound W 41 Ave @ Blenheim St,49.234831,-123.179103,1670215221,-159,1670215221
13276151,299,12-05-2022,-115,6612,1670261103,1670261103,29,Westbound W 41 Ave @ Blenheim St,49.234831,-123.179103,1670260988,-115,1670260988
13339278,12494,12-04-2022,-203,6612,1670144965,1670144965,7,Southbound Burrard St @ Harwood St,49.277837,-123.131265,1670144762,-203,1670144762
13339278,12494,12-04-2022,-203,6612,1670144965,1670144965,7,Southbound Burrard St @ Harwood St,49.277837,-123.131265,1670144762,-203,1670144762
13276127,116,11-23-2022,-123,6612,1669219034,1669219034,21,Westbound W 16 Ave @ Balaclava St,49.257904,-123.17458,1669218911,-123,1669218911
13276151,299,12-02-2022,-139,6612,1670001903,1670001903,29,Westbound W 41 Ave @ Blenheim St,49.234831,-123.179103,1670001764,-139,1670001764
13276209,12671,12-02-2022,-183,6612,1670015621,1670015621,28,Westbound W 41 Ave @ Carnarvon St,49.234826,-123.174148,1670015438,-183,1670015438
13339256,646,11-26-2022,-155,6612,1669501380,1669501380,31,Dunbar Loop @ Bay 2,49.234593,-123.18575,1669501225,-155,1669501225
13276127,116,12-08-2022,-130,6612,1670515034,1670515034,21,Westbound W 16 Ave @ Balaclava St,49.257904,-123.17458,1670514904,-130,1670514904
13276239,646,12-07-2022,-119,6612,1670478000,1670478000,31,Dunbar Loop @ Bay 2,49.234593,-123.18575,1670477881,-119,1670477881
13339329,54,11-27-2022,-144,6612,1669593713,1669593713,22,Eastbound W 16 Ave @ Trutch St,49.257636,-123.175459,1669593569,-144,1669593569
13276209,12671,11-23-2022,-129,6612,1669238021,1669238021,28,Westbound W 41 Ave @ Carnarvon St,49.234826,-123.174148,1669237892,-129,1669237892
13276239,646,12-02-2022,-120,6612,1670046000,1670046000,31,Dunbar Loop @ Bay 2,49.234593,-123.18575,1670045880,-120,1670045880
13276612,300,11-27-2022,-157,6612,1669610626,1669610626,30,Westbound W 41 Ave @ Collingwood St,49.234836,-123.182546,1669610469,-157,1669610469
13276239,646,11-24-2022,-182,6612,1669354800,1669354800,31,Dunbar Loop @ Bay 2,49.234593,-123.18575,1669354618,-182,1669354618
13276189,130,12-01-2022,-112,6612,1669927832,1669927832,26,Southbound Mackenzie St @ W 37 Ave,49.238254,-123.170377,1669927720,-112,1669927720
13276192,123,11-29-2022,-126,6612,1669747420,1669747420,22,Westbound W King Edward Ave @ Puget Dr,49.249627,-123.170432,1669747294,-126,1669747294
13276585,54,12-04-2022,-146,6612,1670186513,1670186513,22,Eastbound W 16 Ave @ Trutch St,49.257636,-123.175459,1670186367,-146,1670186367
13276127,116,11-24-2022,-115,6612,1669305434,1669305434,21,Westbound W 16 Ave @ Balaclava St,49.257904,-123.17458,1669305319,-115,1669305319
13276191,130,11-25-2022,-561,6612,1669440329,1669440329,26,Southbound Mackenzie St @ W 37 Ave,49.238254,-123.170377,1669439768,-561,1669439768
13276191,130,11-25-2022,-561,6612,1669440329,1669440329,26,Southbound Mackenzie St @ W 37 Ave,49.238254,-123.170377,1669439768,-561,1669439768
13276151,299,11-29-2022,-121,6612,1669742703,1669742703,29,Westbound W 41 Ave @ Blenheim St,49.234831,-123.179103,1669742582,-121,1669742582
13276239,646,11-23-2022,-117,6612,1669268400,1669268400,31,Dunbar Loop @ Bay 2,49.234593,-123.18575,1669268283,-117,1669268283
13276209,12671,11-30-2022,-167,6612,1669842821,1669842821,28,Westbound W 41 Ave @ Carnarvon St,49.234826,-123.174148,1669842654,-167,1669842654
13276189,130,12-08-2022,-129,6612,1670532632,1670532632,26,Southbound Mackenzie St @ W 37 Ave,49.238254,-123.170377,1670532503,-129,1670532503
13276127,116,12-01-2022,-121,6612,1669910234,1669910234,21,Westbound W 16 Ave @ Balaclava St,49.257904,-123.17458,1669910113,-121,1669910113
13276127,116,12-07-2022,-160,6612,1670428634,1670428634,21,Westbound W 16 Ave @ Balaclava St,49.257904,-123.17458,1670428474,-160,1670428474
13339256,646,12-03-2022,-117,6612,1670106180,1670106180,31,Dunbar Loop @ Bay 2,49.234593,-123.18575,1670106063,-117,1670106063
13276127,116,12-02-2022,-4041,6612,1669996634,1669996634,21,Westbound W 16 Ave @ Balaclava St,49.257904,-123.17458,1669992593,-4041,1669992593
13276127,116,12-02-2022,-4041,6612,1669996634,1669996634,21,Westbound W 16 Ave @ Balaclava St,49.257904,-123.17458,1669992593,-4041,1669992593
